593 116
792 205
749 443
434 299
1056 535
992 908
552 299
55 105
385 42
802 390
848 564
725 299
41 21
333 105
19 233
409 299
90 282
201 105
243 233
389 434
162 196
224 115
201 49
3 1
50 42
452 106
810 254
792 219
397 376
351 134
293 128
367 355
586 134
25 23
381 42
420 333
303 42
208 16
369 41
668 355
48 41
905 332
40 105
314 42
884 299
317 196
22 3
532 120
409 434
695 196
186 76
564 460
289 196
222 16
487 564
729 299
724 396
935 340
912 314
353 41
205 105
25 1
610 376
1127 1009
847 706
633 233
744 356
116 105
401 205
248 775
946 590
338 42
18 1
756 299
788 434
168 14
163 120
233 239
455 588
106 588
240 23
1098 847
11 3
79 105
624 454
553 568
30 16
634 376
907 1005
438 49
591 356
726 299
671 355
538 72
888 434
196 105
568 76
892 341
378 105
545 105
431 299
427 507
372 42
107 21
43 23
908 512
709 564
284 105
68 46
443 775
259 105
213 105
177 14
525 69
139 146
26 1
851 573
59 46
245 41
836 468
127 16
200 105
447 564
691 134
733 144
195 16
12 146
646 105
573 140
287 367
149 140
902 314
250 21
725 552
389 299
120 24
532 237
240 233
143 332
425 106
356 590
42 333
601 193
375 41
4 46
118 205
15 76
58 72
558 333
594 193
552 434
358 41
105 16
68 65
396 434
355 42
836 271
287 24
957 564
378 41
135 134
166 14
271 42
223 21
441 198
1008 483
620 270
258 21
591 590
457 376
937 341
382 42
334 376
953 588
460 757
827 316
573 152
610 612
311 135
145 152
230 23
458 52
612 376
106 41
193 196
357 341
552 389
161 183
543 333
958 396
417 376
489 355
268 354
545 333
246 21
408 44
238 564
564 554
366 40
623 454
274 105
907 432
157 333
649 105
317 49
1010 452
155 134
74 196
648 105
355 495
187 183
468 105
150 140
12 140
415 452
761 339
331 333
268 106
840 459
18 3
159 434
748 396
211 16
693 355
534 233
569 76
855 269
1069 1067
665 106
765 183
14 24
227 23
185 76
14 16
145 185
446 105
619 92
767 354
216 16
623 93
430 282
316 354
70 24
54 76
370 41
133 134
324 128
224 355
770 588
452 52
347 590
3 41
957 480
179 120
694 355
870 333
241 52
598 454
564 333
468 355
81 52
341 303
976 393
105 204
710 573
146 152
69 46
207 196
336 333
10 24
327 196
285 72
950 352
872 376
454 93
365 354
434 726
400 105
80 105
18 23
824 564
405 429
378 42
300 140
1070 578
701 269
965 468
113 120
200 333
456 452
368 41
342 34
1103 768
555 775
162 176
510 90
1061 568
598 94
41 354
486 460
260 41
269 23
507 72
340 52
233 137
25 21
15 183
554 339
38 23
495 489
205 16
654 588
339 354
49 105
23 21
612 334
56 105
72 46
91 233
331 105
69 72
680 116
41 46
586 135
517 427
368 354
146 354
156 269
39 23
63 62
64 72
434 756
255 355
634 334
286 24
31 333
790 219
590 724
1035 483
333 52
604 454
849 564
129 105
131 134
470 333
457 135
471 460
1 16
332 504
532 333
885 434
457 333
367 135
730 332
475 554
404 42
94 376
784 381
728 143
30 49
941 724
17 24
293 56
203 105
981 393
60 4
426 46
13 3
1037 480
495 367
381 303
724 356
112 14
82 233
451 51
38 233
105 21
475 483
268 452
157 42
775 512
824 554
290 355
270 23
688 367
54 41
518 193
10 16
853 268
46 58
137 19
59 72
241 81
250 41
585 134
235 233
12 152
188 588
2 3
320 30
660 588
439 105
356 42
456 52
49 128
736 341
31 332
993 434
574 333
185 152
880 290
518 594
54 183
198 105
551 183
248 21
671 578
562 588
545 135
85 219
68 90
332 42
454 464
451 500
541 72
360 56
62 46
143 299
1009 452
1069 1005
921 333
172 120
409 410
55 56
872 417
191 454
213 56
74 233
128 105
210 105
39 41
133 45
511 72
389 726
554 460
194 196
705 134
168 120
769 588
711 233
316 415
381 384
231 128
116 128
233 378
381 332
578 105
603 454
833 775
24 16
985 396
933 339
43 3
50 41
263 196
145 354
701 131
808 564
4 58
332 393
452 588
429 46
407 44
807 227
541 549
396 332
804 222
677 116
231 38
268 23
153 396
1 24
206 105
699 401
57 72
257 354
98 7
269 196
836 255
140 354
886 434
381 504
335 105
206 16
459 52
287 255
49 322
609 90
243 332
270 41
689 495
185 573
470 116
511 65
21 3
692 233
193 16
367 468
427 46
279 23
122 355
361 105
547 73
1105 1005
11 1
556 573
859 354
383 42
706 134
268 316
426 72
696 219
12 147
183 76
76 105
303 384
507 500
1043 847
353 72
299 332
41 134
208 205
466 76
3 23
454 578
470 501
509 69
214 105
132 501
83 143
56 196
468 116
395 42
592 219
182 24
542 434
334 41
85 205
347 356
58 57
775 429
545 200
870 278
344 116
584 198
91 21
590 143
495 58
729 434
256 21
854 269
406 44
203 23
255 367
331 329
215 16
228 52
482 57
271 333
316 378
13 1
141 152
410 434
373 46
106 415
889 341
257 21
235 41
1097 808
551 549
228 50
268 72
587 81
23 42
324 30
712 135
188 660
104 105
392 42
481 134
70 233
13 16
573 267
978 389
83 243
468 356
330 378
557 152
590 552
121 24
206 116
1112 868
483 57
868 564
12 142
286 58
813 233
10 120
133 56
16 196
501 355
142 140
292 24
489 367
46 23
382 303
390 196
648 205
626 93
204 16
795 313
561 912
56 16
116 49
372 41
775 198
269 237
594 205
227 105
40 21
663 134
381 382
379 41
27 19
178 14
222 205
344 549
19 3
199 16
1045 757
142 152
206 49
30 196
704 454
56 49
361 196
197 196
585 233
415 354
562 660
532 355
748 590
748 153
402 42
142 354
332 140
80 23
321 49
718 313
371 185
1131 1080
725 726
623 189
242 578
81 333
423 72
240 19
398 42
333 45
682 117
827 241
549 564
23 196
204 196
40 56
959 355
341 384
355 41
235 452
1132 1087
510 282
512 341
471 56
711 135
354 42
131 135
368 134
254 233
145 140
204 205
642 105
558 468
216 105
93 189
464 237
720 354
389 756
241 316
69 58
381 393
431 332
245 21
108 24
204 116
356 355
706 481
82 182
884 434
724 332
14 182
841 256
12 143
442 49
940 590
189 454
598 135
18 21
90 485
271 23
181 120
885 299
218 105
849 554
38 19
287 52
331 54
599 196
484 564
846 340
52 135
3 16
401 198
392 355
326 30
199 215
477 460
1105 1067
744 590
505 140
340 354
221 16
303 393
363 49
542 299
840 458
603 598
415 241
450 51
282 46
750 378
771 188
306 233
597 94
687 367
128 196
441 49
699 584
63 427
753 378
475 57
935 658
741 152
427 508
803 222
155 135
825 239
528 69
30 24
34 16
185 354
446 196
706 585
65 57
259 333
215 205
91 269
148 140
280 23
168 24
54 333
63 4
214 204
721 140
376 41
985 634
562 76
241 452
113 176
140 146
340 135
104 21
243 128
1 2
508 500
532 182
343 446
184 80
888 299
82 19
278 564
135 23
790 204
322 446
498 59
287 489
358 378
741 598
80 116
91 7
338 354
396 299
33 16
146 573
117 10
650 105
94 237
780 196
259 21
133 52
185 183
219 16
81 134
960 356
54 23
169 14
411 410
542 389
189 183
386 42
658 333
42 105
206 128
13 7
332 41
225 115
581 80
68 282
139 147
932 468
381 333
824 238
251 105
90 69
189 76
598 568
640 218
483 564
783 198
452 137
190 76
410 299
6 3
908 341
307 105
45 23
18 2
185 146
409 726
91 256
284 23
137 128
377 41
982 393
538 106
316 76
311 329
373 41
277 23
369 268
895 393
169 120
107 196
354 573
63 508
329 333
290 24
45 42
410 389
905 356
74 128
70 10
69 57
161 120
352 588
176 196
65 282
43 46
584 401
598 86
96 376
505 354
780 215
953 352
6 1
81 50
361 49
279 415
303 49
983 393
459 137
145 146
200 16
591 143
8 3
210 116
238 233
2 16
170 14
864 368
897 304
43 39
811 233
201 56
141 354
245 42
205 219
504 393
330 70
176 14
697 128
401 219
1081 612
896 341
238 41
127 116
202 105
765 549
621 454
477 486
204 390
196 333
47 21
372 333
996 564
320 321
235 19
425 268
497 483
149 152
128 201
119 76
1047 495
70 355
22 1
337 42
32 341
764 183
237 196
303 128
299 333
122 429
868 554
3 46
532 70
54 354
271 355
9 16
90 65
293 49
698 219
654 660
262 41
957 355
481 564
567 76
243 137
455 452
317 30
212 16
18 25
331 543
1045 487
377 134
743 396
420 105
355 39
76 396
78 120
183 105
775 809
801 219
116 274
271 356
783 205
250 39
39 21
306 82
507 90
853 691
833 248
646 200
719 140
505 573
808 848
452 358
1052 514
3 42
769 660
4 72
230 137
344 564
564 995
31 45
481 57
452 243
10 1
378 204
86 233
848 460
44 42
695 274
552 726
658 106
847 481
152 140
134 42
482 849
385 303
40 49
489 333
1112 869
264 564
176 120
418 134
979 391
472 105
726 756
389 396
271 50
64 46
324 321
986 396
243 241
101 196
1062 554
660 106
87 41
64 57
7 3
277 182
499 59
922 460
447 73
884 389
971 376
483 607
128 56
703 687
421 376
556 267
127 219
322 321
392 356
313 140
420 45
322 30
910 1069
51 105
995 460
501 660
938 341
571 434
487 460
262 23
150 152
285 24
338 134
21 46
730 299
607 233
586 356
532 367
62 72
715 135
193 204
375 155
50 333
587 338
178 120
808 513
943 396
239 143
234 182
831 243
367 52
204 274
40 3
545 339
446 204
351 46
211 205
21 1
188 654
31 54
198 205
331 185
163 14
353 578
1 23
691 196
491 483
643 105
707 134
327 198
301 82
585 378
543 329
391 42
877 287
93 7
453 564
58 62
23 134
383 332
7 16
890 341
400 42
367 183
144 12
992 731
21 50
217 105
416 341
264 23
205 212
316 54
210 196
464 54
414 105
204 210
402 355
132 470
335 333
493 58
14 165
147 140
121 165
460 429
1 7
217 16
381 385
265 23
441 401
112 120
371 152
998 427
371 354
116 205
115 24
861 333
303 387
20 3
937 410
67 58
322 206
201 16
145 573
328 49
368 316
1013 454
642 116
451 507
21 54
248 52
672 367
128 321
68 69
41 135
529 69
634 608
978 726
41 19
10 116
194 204
881 308
316 52
198 16
614 269
25 39
821 454
125 367
1066 912
936 341
811 578
340 241
211 219
432 46
367 241
622 454
443 137
218 16
427 90
365 268
202 56
41 62
753 158
786 215
352 76
335 42
86 454
156 13
241 50
290 495
465 54
251 333
327 56
13 24
743 590
912 558
153 356
66 46
829 243
231 19
331 31
139 12
765 523
241 46
388 42
621 598
153 590
470 56
106 134
953 368
50 23
245 354
912 468
849 709
296 24
937 736
11 137
918 326
513 460
23 182
214 16
72 500
368 339
356 354
501 549
859 271
93 602
72 282
81 46
19 1
50 354
172 14
1122 960
237 355
195 489
132 331
14 1
150 354
871 484
212 219
252 21
437 105
378 454
23 143
388 396
486 57
1062 598
726 571
142 146
20 41
1069 578
19 2
298 429
691 355
159 13
503 105
462 76
885 389
316 237
315 313
7 2
769 654
1117 890
476 57
284 434
746 591
104 333
54 3
302 25
334 354
13 2
11 19
501 61
51 41
237 182
612 256
418 45
671 112
859 409
578 341
20 1
204 198
13 6
79 49
438 204
252 321
827 415
55 49
1017 459
30 321
532 316
239 137
765 313
303 386
485 282
509 427
692 219
483 65
155 378
284 429
468 434
1018 459
268 40
983 895
298 590
562 578
758 160
725 219
202 201
822 765
251 21
141 146
957 995
786 216
808 757
554 429
408 775
367 50
698 205
737 152
399 42
265 39
700 183
392 56
9 105
578 384
451 275
558 314
198 215
231 254
122 10
841 353
58 24
409 44
323 30
657 106
668 495
128 194
504 299
489 58
143 140
383 303
132 11
500 69
61 470
313 378
573 76
150 146
477 57
325 49
606 376
771 953
731 143
527 69
794 212
257 660
274 196
377 429
321 105
121 10
540 72
591 332
136 14
27 3
210 16
498 499
21 206
241 49
713 135
81 452
433 337
649 140
924 334
415 268
745 396
472 56
654 106
214 196
908 312
231 182
743 333
3 39
62 57
303 468
642 200
323 321
344 49
562 654
612 136
80 14
165 120
742 185
481 554
396 42
592 85
504 396
297 120
10 2
198 219
600 193
709 134
356 552
559 152
238 460
62 4
470 356
386 381
724 591
24 34
840 399
377 585
923 612
157 21
820 237
361 204
551 74
548 73
24 2
354 147
816 233
351 72
498 700
397 42
33 14
844 308
306 239
333 434
472 196
186 19
506 69
587 1031
329 332
1012 454
275 23
523 69
598 654
642 215
656 588
701 399
25 299
591 153
114 10
528 765
571 299
386 332
93 15
376 378
474 56
462 54
125 137
1096 701
5 76
289 215
82 237
244 378
482 995
833 512
153 743
452 308
56 3
464 189
966 367
668 290
848 757
165 168
189 54
218 196
317 322
761 308
391 106
203 16
396 552
426 58
598 279
660 467
729 552
776 240
68 64
696 216
34 3
584 327
444 233
391 378
368 268
1098 1035
244 470
446 116
490 58
390 105
393 42
321 137
603 578
420 329
53 3
301 331
106 137
350 38
75 152
339 72
122 329
992 512
43 240
445 134
380 42
529 558
707 316
317 194
837 290
1023 460
189 578
255 23
45 3
64 69
921 358
336 205
694 495
638 501
390 49
504 434
492 58
198 212
225 17
8 1
276 333
211 212
590 299
10 30
4 3
633 237
71 46
995 483
300 152
295 24
579 80
438 552
1019 459
116 24
542 552
872 279
76 49
372 134
495 316
38 2
479 564
648 116
23 274
591 381
330 585
816 549
360 40
176 24
58 59
335 56
56 207
146 147
711 137
39 42
849 1035
479 57
30 1
39 105
254 134
51 354
742 152
352 660
495 70
802 401
629 198
136 313
214 56
610 90
851 267
427 282
216 215
317 321
291 105
788 299
241 588
698 198
219 215
70 182
1 27
413 552
20 233
662 106
1 9
1112 995
764 498
221 215
100 7
212 196
214 116
70 19
9 21
23 282
267 140
987 401
792 212
388 591
740 152
24 112
157 332
545 73
235 415
497 607
131 585
601 594
910 1067
140 333
422 564
795 212
120 182
1066 561
285 500
397 135
7 76
134 140
347 743
861 271
569 120
210 206
19 7
736 185
895 332
371 341
446 205
770 467
212 215
942 347
339 316
30 201
798 401
429 128
510 65
642 198
268 54
464 603
44 332
182 128
953 769
10 7
496 59
196 201
305 116
98 598
254 21
426 57
183 341
976 895
775 331
701 459
420 543
503 204
504 143
464 191
76 341
30 194
390 116
274 49
495 224
721 543
11 134
521 69
7 6
975 378
819 588
592 215
871 870
79 128
827 331
706 1098
6 16
872 370
961 356
172 165
42 384
45 355
51 3
204 233
62 140
788 389
393 341
1032 468
287 182
314 140
501 104
756 552
390 56
356 389
1021 460
555 248
687 434
434 332
310 312
582 80
995 486
422 45
812 233
517 507
178 30
146 332
190 183
439 196
271 434
72 396
586 81
724 434
80 76
860 432
451 445
579 184
528 549
886 299
41 9
208 219
38 27
216 205
248 512
981 504
404 434
137 332
891 341
456 308
329 355
235 27
612 968
334 254
181 14
123 16
145 62
824 447
828 242
55 3
239 243
95 454
62 59
34 14
612 91
34 10
18 19
491 58
255 333
429 454
703 131
16 213
705 237
691 585
482 447
52 3
125 182
180 14
130 205
405 81
337 333
390 205
578 564
64 58
400 80
1069 1105
718 136
322 210
119 24
31 335
265 25
177 182
615 91
681 116
282 58
7 94
218 204
364 196
322 303
428 46
72 66
896 303
158 183
126 10
420 331
280 112
997 423
217 204
227 134
743 591
34 2
1 4
263 24
394 42
411 143
723 152
193 215
427 500
671 195
327 49
80 120
472 204
443 504
736 145
888 389
1032 598
176 390
106 13
314 134
707 237
145 150
786 289
1070 1005
16 194
1093 680
532 117
507 415
893 332
429 299
241 182
457 468
688 452
389 42
1041 483
952 588
543 332
259 45
483 486
36 2
1039 706
396 140
679 116
94 233
277 82
110 24
130 401
483 484
181 176
217 128
706 663
117 76
747 356
698 212
390 333
769 467
334 368
86 94
517 441
92 49
306 27
504 140
378 54
545 709
455 660
185 54
438 201
41 210
456 241
936 382
307 116
513 564
269 76
1067 1005
579 369
908 427
339 106
162 198
638 466
684 118
131 137
1067 578
833 809
397 468
585 155
481 709
378 389
816 709
265 284
476 62
19 237
276 23
430 46
343 34
432 69
346 38
687 543
1039 847
622 93
364 56
213 116
433 543
430 90
509 507
104 42
133 213
384 333
821 237
237 38
231 243
56 212
342 881
660 564
709 483
578 185
133 73
248 443
925 598
88 193
327 390
185 49
368 660
332 135
566 76
418 155
840 256
382 341
626 464
831 532
329 140
523 466
314 50
199 289
350 313
19 120
988 1050
214 21
52 46
170 120
390 42
245 39
487 134
191 54
94 41
772 588
10 128
1007 554
780 289
74 134
702 269
701 840
114 112
556 75
234 19
451 538
338 429
1105 793
201 116
278 23
92 7
408 407
484 460
242 20
271 314
671 290
269 52
429 376
410 396
672 210
410 333
521 578
71 62
175 14
321 429
322 390
264 447
1087 658
378 588
1036 486
446 274
741 603
282 57
654 452
254 52
346 54
896 384
725 143
200 641
190 185
399 356
491 607
168 112
1092 671
212 401
387 42
122 543
336 201
369 72
193 219
272 23
207 16
598 953
284 329
412 396
70 34
699 441
522 483
260 21
399 354
729 389
112 333
434 887
860 271
355 40
292 182
361 206
945 356
116 198
868 278
451 279
916 321
303 243
382 384
1046 489
601 518
578 80
623 598
246 41
65 485
484 57
263 204
552 571
201 233
454 54
269 49
331 564
379 248
459 700
28 3
147 152
703 783
508 71
742 222
12 150
723 142
147 76
419 564
67 62
571 389
211 215
70 82
233 76
476 427
86 378
661 106
285 90
256 269
437 49
711 313
466 333
745 356
425 308
183 393
287 74
85 215
590 233
410 726
425 45
726 788
507 147
30 218
58 206
634 924
235 568
74 549
297 24
761 340
134 240
153 744
1032 1069
227 135
164 14
404 50
1016 458
915 446
186 429
579 844
305 233
745 153
248 809
214 206
598 715
218 215
591 726
621 93
838 355
568 660
228 241
661 395
314 39
981 895
128 274
40 42
680 128
567 183
689 489
214 210
726 886
1007 687
521 711
331 384
252 107
426 69
240 39
479 554
704 687
669 120
518 215
208 446
71 4
772 660
562 316
412 332
467 588
282 64
25 11
479 849
965 367
957 479
477 483
19 239
115 367
135 196
480 57
200 219
371 146
273 23
465 93
192 16
657 452
65 64
22 2
316 299
466 396
532 218
206 198
1054 558
275 378
757 486
962 660
574 420
69 4
390 274
137 588
520 137
432 1005
842 256
122 331
300 185
7 9
28 1
221 216
824 278
627 93
238 19
313 39
643 200
824 868
178 121
299 140
153 13
23 44
393 730
656 106
1075 748
47 41
1041 491
205 274
384 393
233 120
269 116
25 303
1035 709
121 168
198 85
329 54
990 462
920 393
588 243
729 726
280 532
481 131
403 42
339 31
31 329
140 72
38 18
267 152
686 284
239 590
11 2
348 38
656 452
960 399
434 239
150 573
166 120
121 166
777 196
354 39
443 230
234 376
113 10
1019 1068
28 6
143 146
38 241
67 282
476 485
756 571
96 7
278 554
851 416
78 333
688 214
321 325
388 276
307 213
485 68
4 57
353 38
401 215
364 333
430 65
34 182
603 93
486 848
45 54
271 200
621 603
532 687
437 56
592 193
270 378
849 475
1015 458
879 367
245 50
620 92
468 552
335 204
214 274
354 46
846 392
757 513
592 594
707 358
216 219
404 271
783 786
563 120
279 568
415 568
125 429
362 69
86 27
286 289
185 267
201 206
649 468
927 337
458 106
167 14
859 276
251 56
189 191
388 404
744 591
45 50
297 584
645 105
605 90
57 46
416 573
568 135
82 588
378 73
466 54
88 204
308 378
135 504
769 352
379 833
878 287
403 376
79 201
199 216
467 378
785 199
1041 607
711 269
189 15
120 332
335 201
339 308
338 50
818 501
278 51
76 564
336 322
251 204
393 299
33 24
542 726
298 25
432 362
646 641
33 120
380 303
376 137
124 76
22 6
31 241
762 564
172 121
542 396
1045 848
423 45
43 269
1023 486
325 128
92 201
757 487
86 19
588 81
940 724
16 197
274 210
1023 808
554 137
924 608
557 573
629 218
61 4
208 212
169 70
1073 588
902 912
638 132
308 81
93 191
240 230
452 662
485 57
45 39
66 58
591 243
757 471
117 120
454 52
692 200
654 467
84 354
124 24
250 429
700 131
310 29
39 46
659 106
529 521
131 460
952 467
410 143
347 38
588 269
907 1067
119 10
305 128
145 371
786 199
420 137
475 241
950 451
200 205
12 3
890 381
698 401
438 725
122 687
298 443
788 552
23 15
74 504
14 15
471 848
327 212
724 389
1035 847
441 584
568 549
611 578
6 2
569 117
218 216
312 140
17 1
468 446
489 255
142 143
980 392
94 137
429 543
495 875
944 396
252 711
836 470
136 213
507 63
704 775
1039 1098
400 206
42 401
315 396
382 385
754 158
752 158
702 237
52 50
572 76
460 52
240 443
344 660
1 15
68 4
282 59
1004 1005
572 399
548 358
309 413
194 116
419 460
444 240
70 239
661 378
67 4
892 303
711 466
499 483
1125 998
168 237
274 201
205 210
517 67
429 214
108 16
404 573
220 196
659 268
1041 497
280 70
82 460
552 504
206 446
750 356
372 378
895 504
110 10
184 135
135 11
285 485
558 527
239 21
176 327
1119 919
117 185
435 116
70 27
907 1069
21 210
475 709
63 150
922 333
344 415
149 146
52 128
1053 523
991 407
206 215
238 137
780 216
15 185
10 124
834 775
566 183
320 323
407 332
1003 731
378 390
419 45
716 256
536 72
44 52
695 219
769 188
445 51
462 1009
62 185
363 215
241 269
89 454
460 81
391 458
413 389
22 13
706 691
161 185
874 355
497 59
34 6
198 594
76 13
553 76
810 334
894 393
398 299
19 20
176 198
20 241
426 282
719 267
324 50
95 27
194 56
768 186
274 439
692 214
701 499
1037 957
322 439
633 143
789 203
523 362
432 610
780 198
756 396
398 271
341 573
464 821
769 562
724 504
101 128
270 351
540 434
595 219
165 112
39 50
885 552
787 200
148 152
387 384
146 52
1009 555
76 150
314 147
306 687
466 69
14 13
651 105
1050 504
94 241
766 183
907 312
172 297
794 217
542 756
330 38
104 218
641 105
275 38
698 215
585 137
135 44
663 106
76 267
147 143
1018 52
578 142
677 660
822 523
1055 532
289 205
745 748
545 217
560 212
643 641
242 418
565 76
773 189
263 23
860 1005
211 204
464 89
783 293
599 193
730 504
92 259
384 385
44 3
719 148
479 480
335 52
90 64
996 995
131 155
729 725
213 49
73 45
793 212
838 255
78 183
117 124
224 192
208 274
1053 765
378 413
747 396
608 376
404 142
142 332
729 143
34 30
10 112
199 218
831 549
460 1026
1037 479
228 81
625 454
55 21
460 1020
976 894
688 122
441 212
559 185
602 189
542 72
357 355
512 198
761 176
185 389
1009 456
486 484
563 76
135 467
71 233
578 218
356 72
384 183
472 219
1010 467
25 62
669 569
400 210
56 332
483 64
237 585
1007 447
74 552
503 62
812 239
507 562
4 59
520 429
205 207
149 573
204 594
647 105
887 299
143 396
931 339
201 218
887 389
363 193
106 358
790 698
243 396
62 341
115 10
115 454
66 57
77 16
722 140
40 354
457 52
338 51
687 588
20 2
10 9
47 3
444 50
938 384
120 108
446 210
44 410
1038 709
202 16
1032 1078
27 6
963 432
808 471
146 84
209 16
199 780
52 39
116 215
163 112
334 231
598 266
130 10
221 289
833 504
737 146
398 756
197 176
833 555
476 65
765 466
364 213
376 454
58 393
614 131
594 215
7 22
250 367
762 182
835 251
542 725
79 322
503 573
979 657
1038 481
413 341
881 330
496 979
334 31
259 50
321 363
237 155
265 101
908 408
902 558
973 377
491 67
202 49
54 49
1067 793
80 274
584 80
204 213
290 694
383 381
69 59
325 30
771 515
726 888
995 484
289 24
968 376
518 85
576 339
135 117
590 730
81 204
634 872
753 395
413 143
115 287
640 104
473 196
528 73
1087 987
554 709
504 726
477 995
435 49
352 467
1049 499
415 45
1084 612
477 65
216 204
983 894
883 586
875 287
300 573
441 698
182 52
695 198
983 730
335 329
138 137
859 729
367 40
767 268
328 204
23 267
612 96
204 207
1026 564
88 594
904 512
58 40
521 765
390 446
675 367
101 468
486 513
873 287
244 501
49 3
8 6
410 356
104 128
470 367
677 585
412 590
12 1
248 331
237 145
1002 460
135 104
393 385
59 57
385 341
578 327
133 11
58 439
1043 483
792 208
40 46
4 64
749 306
289 219
270 38
71 134
884 552
525 506
14 124
207 198
82 201
332 389
355 112
1109 836
957 996
694 489
369 452
410 542
397 313
380 341
176 182
340 339
778 671
683 118
150 147
56 210
128 439
329 185
337 356
84 140
407 552
501 217
491 497
784 382
327 401
1002 429
358 354
647 200
392 241
197 327
466 549
660 233
213 212
316 358
329 384
284 725
614 91
1107 824
677 131
310 311
228 271
418 484
77 196
992 1003
645 200
39 332
243 504
554 81
741 157
705 532
1116 884
176 80
620 336
304 329
889 303
413 52
903 558
206 439
306 240
530 70
511 68
399 46
509 63
233 210
84 152
1098 849
94 82
490 67
313 142
2 4
27 18
55 128
47 40
603 90
808 419
48 3
122 287
759 160
546 429
8 2
29 1
882 441
194 41
900 306
691 481
467 76
204 293
838 367
97 23
87 183
50 3
45 11
46 246
437 274
235 458
822 237
91 444
504 142
969 376
71 59
747 590
31 1
941 347
555 687
543 356
561 902
992 728
706 1043
146 316
229 454
379 809
212 85
58 351
411 552
663 452
889 896
91 369
21 59
484 241
14 107
200 30
556 144
425 210
112 58
62 64
386 384
157 52
836 518
1033 468
505 146
284 543
52 362
951 588
338 31
14 110
697 321
719 908
729 542
289 216
265 307
75 354
332 84
210 194
1039 481
623 602
9 3
1091 664
687 698
11 18
449 51
990 404
185 149
633 243
414 46
309 28
822 432
598 597
192 58
597 86
322 568
145 241
892 393
238 27
888 552
922 486
573 147
17 115
25 227
573 84
118 10
399 45
647 198
216 212
305 27
594 85
757 1026
592 327
433 329
201 361
726 143
89 93
749 157
260 81
870 484
289 116
317 780
376 73
149 150
150 142
654 352
416 355
409 316
64 59
666 355
559 75
508 485
373 72
61 68
157 40
614 256
495 806
390 216
509 508
447 238
281 23
344 568
724 183
532 335
147 142
377 155
592 725
143 730
431 389
291 205
557 267
784 384
641 333
638 101
774 189
506 500
894 303
218 274
566 190
810 231
926 335
725 356
1035 1043
537 72
299 276
274 594
1083 612
495 874
21 255
585 81
283 23
70 4
504 62
796 384
395 268
480 135
578 382
43 282
668 694
289 327
1095 699
30 327
87 134
900 711
635 98
649 660
890 303
693 135
184 185
168 532
337 468
414 434
308 358
335 218
413 590
756 886
327 85
474 201
1026 487
210 439
726 885
276 143
444 69
480 483
513 848
216 207
248 834
648 378
911 313
347 748
745 744
567 190
246 23
440 49
608 334
656 578
381 143
554 74
980 459
348 202
864 427
809 512
690 124
118 93
128 289
192 206
385 387
607 134
284 393
420 335
1020 486
328 30
470 274
641 446
254 38
874 287
106 467
178 166
276 591
558 543
259 200
605 485
16 129
162 327
69 66
206 213
979 498
680 532
350 711
184 206
691 663
610 1078
361 210
469 55
996 447
256 59
1105 1004
7 15
415 368
13 9
315 468
1054 912
405 82
427 71
596 105
689 694
284 200
176 82
208 468
774 464
384 383
420 57
383 504
373 58
400 322
27 11
599 594
284 591
8 22
431 135
661 158
386 382
474 213
380 381
88 198
243 81
315 457
73 11
695 446
489 468
404 210
389 341
512 698
466 241
351 52
892 396
9 24
415 549
412 552
230 233
752 661
907 860
810 470
230 19
890 382
362 45
503 214
418 995
351 94
92 284
961 590
252 122
818 235
569 124
256 769
66 62
688 884
74 206
553 74
913 316
942 507
238 25
407 356
674 115
912 527
584 176
849 1043
599 216
228 314
710 135
508 476
501 353
1020 757
206 327
501 438
135 387
142 355
363 218
585 241
976 983
31 251
484 339
163 322
730 552
322 168
439 49
1068 578
270 585
85 193
51 56
891 303
634 96
197 204
380 382
50 20
654 532
47 104
553 663
284 213
300 267
455 52
923 334
415 329
13 18
161 14
90 396
799 218
323 203
179 14
433 331
813 239
380 385
331 339
257 316
409 384
127 274
220 16
894 895
312 329
562 352
321 202
454 137
410 413
197 390
572 612
194 80
632 429
67 485
1113 859
235 305
189 622
357 39
953 392
34 15
366 213
540 150
317 55
6 18
835 391
119 124
736 371
376 630
167 24
146 239
363 199
445 155
702 131
350 366
50 368
207 212
24 291
413 137
1069 793
419 486
751 158
645 641
395 158
585 254
599 518
1053 822
388 890
509 521
298 230
221 786
491 517
284 542
455 72
696 127
164 322
663 585
515 452
842 459
303 439
293 24
133 446
488 58
331 145
387 381
391 657
920 332
480 675
865 276
339 344
145 267
439 116
129 200
229 19
540 507
795 315
989 1050
996 480
85 401
784 385
588 445
1069 1004
313 457
1017 1019
658 340
650 219
290 122
750 271
581 329
351 38
555 74
107 128
607 90
72 510
107 206
212 193
892 384
149 12
88 219
720 140
5 1
268 358
610 96
127 446
899 306
885 756
858 270
259 31
66 59
414 356
1005 793
85 128
952 352
903 795
660 549
250 687
591 725
561 75
444 237
590 756
203 332
1128 1023
11 22
271 112
321 692
130 327
173 14
399 270
33 2
255 233
601 88
836 451
341 267
624 237
985 608
1131 612
384 543
535 72
101 554
956 355
484 549
724 958
246 39
340 268
586 155
898 429
388 833
305 237
304 27
110 182
351 368
730 381
820 853
545 122
977 382
724 142
276 393
457 94
155 81
902 527
555 124
130 468
671 836
546 73
47 337
335 543
230 775
1110 836
235 257
327 274
359 183
214 137
508 607
404 150
1073 770
339 565
563 165
324 227
819 467
341 44
77 56
666 259
147 396
31 340
606 135
543 73
6 80
594 446
34 308
697 775
879 287
15 191
203 206
184 15
361 40
91 611
145 12
438 322
68 430
885 571
188 578
113 134
22 18
907 1004
182 137
501 643
945 590
198 222
112 179
257 568
300 25
367 693
802 433
371 41
349 69
832 244
141 142
85 80
920 504
585 246
461 52
203 573
103 41
338 254
933 477
636 434
658 308
369 368
390 194
775 193
711 186
407 410
339 930
126 25
432 932
107 58
1130 1073
454 81
318 30
503 237
121 563
279 654
155 415
643 642
102 339
884 429
599 218
52 365
372 368
986 724
184 269
107 182
576 136
308 458
662 378
325 201
996 477
257 51
357 896
914 316
515 316
266 23
1066 902
170 112
314 466
613 230
142 591
795 765
784 890
797 213
380 387
1035 475
788 756
194 439
840 391
364 341
183 381
467 54
259 420
83 590
82 269
1078 1069
260 73
728 731
238 709
355 958
442 322
70 117
29 316
254 269
416 185
348 585
1054 527
323 192
62 267
825 657
475 447
730 756
470 200
607 500
892 504
633 94
849 816
308 305
187 76
472 212
121 78
771 1104
351 554
353 568
492 70
323 697
227 39
433 687
596 200
311 312
238 513
68 500
872 750
467 468
501 821
721 545
529 527
1088 658
675 489
748 434
694 255
500 470
862 273
346 155
331 251
483 487
88 518
124 183
1001 429
23 41
201 55
465 545
241 150
193 401
662 415
661 657
887 552
929 339
886 389
6 81
222 219
811 480
207 327
14 162
157 31
217 205
237 340
110 124
889 512
715 578
988 861
221 199
38 51
204 291
528 523
735 152
238 487
507 607
199 687
1035 870
500 730
861 711
250 284
310 902
743 748
639 186
45 13
385 386
199 725
130 85
60 25
357 891
460 533
707 458
735 145
893 504
774 896
13 69
1129 1053
20 81
1063 555
160 13
94 81
463 54
868 869
559 144
1042 483
945 591
368 51
395 752
448 134
451 662
264 848
531 70
131 94
1031 466
1097 705
510 68
620 201
73 467
471 513
372 271
629 327
578 150
886 552
745 746
909 313
440 240
853 707
875 480
115 255
431 410
361 194
195 255
154 218
780 327
358 39
710 267
699 297
10 127
545 641
1126 1001
898 306
392 368
815 233
187 54
341 571
108 10
755 418
639 103
80 269
216 439
94 568
161 80
647 786
1078 1067
19 232
368 227
267 75
128 207
324 55
447 51
760 163
196 781
9 2
54 40
61 64
67 238
819 237
368 66
630 94
769 656
828 1062
824 870
406 407
662 137
808 228
659 578
103 21
433 47
765 551
1112 855
824 422
395 767
879 699
238 453
419 848
386 504
1115 874
756 888
1014 454
1063 958
62 150
833 834
195 694
179 280
594 222
89 7
437 213
174 24
270 73
507 890
422 554
305 393
203 62
532 227
1034 513
668 107
163 351
417 45
369 358
750 358
721 149
17 34
500 430
702 250
330 131
436 49
25 287
706 1038
1112 1098
178 244
600 594
216 642
78 176
604 578
413 724
622 191
344 38
730 725
158 13
914 452
780 218
805 223
602 183
236 105
1009 990
606 94
103 9
826 243
291 201
895 303
811 957
293 201
286 213
1030 466
340 51
505 62
965 600
360 361
1112 1045
239 504
940 347
567 187
239 591
358 425
10 125
1034 848
378 227
345 38
691 124
135 148
431 46
131 11
767 185
833 542
207 390
268 568
291 446
234 82
415 275
136 79
757 476
834 512
894 981
133 282
29 314
72 539
343 698
888 571
1023 923
197 212
301 25
305 259
142 148
324 372
64 485
380 784
22 27
128 435
78 113
120 174
243 152
54 51
986 958
946 356
287 125
31 202
1085 617
186 27
316 66
737 149
382 387
419 513
31 104
870 351
141 12
14 174
438 214
229 146
420 73
353 51
632 94
211 289
1101 757
622 602
660 423
4 11
270 816
457 334
356 39
595 85
66 4
466 74
523 314
185 569
347 945
94 231
227 578
384 891
662 316
808 1034
275 27
220 390
351 687
578 211
476 63
251 45
286 199
922 1002
18 39
1058 819
427 868
209 204
1089 658
244 132
741 505
84 42
339 932
470 68
186 549
1048 498
169 121
756 887
405 240
90 7
256 572
761 456
892 381
696 695
776 192
859 836
847 278
416 45
661 338
245 31
328 193
894 920
166 182
633 389
566 567
631 237
137 269
281 339
368 346
664 106
547 291
415 538
663 268
487 57
375 346
908 833
6 85
246 250
176 124
852 267
819 770
443 50
400 194
180 82
489 344
380 976
258 201
260 418
308 28
509 506
412 724
10 129
629 93
816 447
712 313
569 110
430 485
1099 714
869 564
383 382
31 336
363 40
407 775
320 697
377 445
322 291
273 355
485 510
322 325
522 69
147 183
370 395
429 71
163 489
174 165
1060 660
756 775
75 468
160 757
521 470
685 120
364 185
331 336
418 346
1067 1004
270 632
781 390
560 75
452 1011
402 52
600 518
104 201
677 155
453 687
331 423
48 332
963 362
580 80
725 390
417 612
1097 1024
223 549
219 69
1048 764
58 255
30 9
489 874
112 181
663 481
786 780
302 136
249 21
394 135
311 306
632 351
153 746
453 484
661 704
744 724
279 275
477 447
59 430
88 7
641 642
431 243
368 962
908 336
847 816
481 65
25 26
78 197
323 326
477 1020
824 565
698 210
705 415
191 41
476 480
523 418
512 65
809 443
168 15
521 359
885 886
443 393
119 117
99 135
784 199
584 390
409 591
250 245
41 247
104 327
846 657
538 392
99 7
335 251
409 729
443 142
1082 612
141 84
742 600
656 352
1084 968
683 629
101 74
1045 1026
739 152
748 744
43 20
691 168
940 748
14 123
623 622
337 31
272 204
436 401
1100 724
373 57
418 391
855 868
675 115
378 148
118 629
809 389
259 55
340 362
893 393
102 8
1074 592
636 98
636 737
849 301
1001 687
1038 1035
625 183
503 203
545 300
257 458
1060 553
233 282
404 313
391 158
659 256
239 147
1008 451
677 213
662 235
40 55
674 224
638 186
93 624
990 818
67 430
372 467
730 386
129 641
376 266
113 532
980 840
190 573
43 230
327 595
742 596
414 44
157 13
602 89
571 396
1001 499
1068 1017
245 335
1011 894
118 441
90 426
312 29
251 202
460 1024
221 780
362 137
276 756
319 30
367 48
586 202
976 981
20 11
435 321
567 87
444 70
681 326
437 439
878 489
543 410
222 215
243 150
823 238
883 298
1013 464
277 255
695 127
224 675
1019 613
280 392
569 119
770 654
1052 65
234 131
844 351
843 257
763 182
259 254
475 65
153 12
634 1078
400 361
781 289
562 568
265 850
110 117
96 457
854 614
145 372
248 240
698 211
889 891
148 146
162 401
169 33
187 396
709 543
545 471
222 212
730 407
738 147
640 323
542 888
969 634
713 378
1054 561
79 133
544 73
712 315
799 926
458 314
368 929
203 40
611 131
693 290
92 88
187 15
412 413
164 271
209 215
1105 910
231 57
950 538
542 886
686 122
392 271
573 468
857 270
524 135
158 649
921 1090
427 1000
227 45
640 629
533 612
285 508
40 362
386 299
460 1025
162 584
650 214
890 396
131 297
559 741
836 1010
248 392
881 296
1005 910
434 402
336 40
163 113
61 500
1007 475
875 675
987 658
383 386
887 726
228 20
11 136
853 659
187 466
698 207
422 73
770 188
314 438
214 243
886 571
500 562
291 85
1090 663
962 358
784 885
417 457
435 691
958 398
171 14
213 207
408 725
301 847
313 132
399 202
520 82
22 38
386 387
730 372
15 124
459 450
904 908
484 709
227 18
371 62
606 90
328 212
85 222
729 284
263 206
725 291
746 724
113 82
162 197
1086 693
962 365
31 330
673 329
71 66
780 599
694 675
892 410
43 405
72 534
325 194
565 554
161 117
134 708
577 80
888 788
834 443
246 245
860 312
75 148
621 604
171 501
179 669
92 157
275 82
662 156
572 184
1046 601
944 347
202 335
361 80
967 376
725 595
158 750
402 657
568 445
262 368
404 104
486 565
192 446
884 341
765 359
34 28
1043 1098
239 230
240 231
439 233
211 401
291 592
157 335
222 193
725 600
649 142
21 247
490 491
610 822
593 274
241 151
360 55
560 1064
208 127
402 988
400 79
275 458
211 30
270 829
856 270
377 262
834 809
251 420
640 440
387 383
788 571
333 513
360 472
593 85
501 273
95 7
743 746
839 287
270 815
906 312
938 387
667 107
114 117
181 549
162 113
884 413
310 903
711 330
515 358
298 884
446 193
731 408
214 361
279 372
869 554
746 748
423 257
151 12
514 65
179 114
28 233
549 504
70 108
191 183
510 64
990 665
186 74
104 9
941 940
264 849
77 420
1106 802
250 252
519 67
125 255
343 208
127 594
98 627
414 186
535 415
589 82
602 99
855 603
793 213
523 349
958 388
426 59
727 143
228 340
1077 598
344 155
743 945
944 743
988 714
202 214
293 40
5 13
109 24
412 726
888 885
259 88
1098 709
9 106
1009 541
216 798
647 127
65 4
76 84
653 106
872 609
577 79
1089 1088
345 350
592 222
757 533
173 164
524 578
21 261
381 552
265 204
824 1036
89 73
522 491
63 71
381 82
1003 908
787 725
893 303
336 291
409 431
677 344
364 40
221 363
260 458
989 861
85 328
692 687
1080 612
469 336
721 710
531 881
920 895
935 987
246 362
706 755
373 62
756 431
206 222
581 543
723 143
15 186
503 267
305 438
882 297
282 66
678 196
263 214
168 113
865 976
6 82
392 353
880 668
210 642
757 582
370 417
727 351
340 365
101 271
117 133
27 230
806 584
102 370
278 848
449 456
472 213
446 51
1022 460
950 715
848 1098
657 268
891 578
11 138
686 581
441 297
840 425
506 64
348 315
153 412
410 788
10 123
457 397
736 505
442 321
505 74
661 754
981 983
478 564
737 621
420 775
444 282
409 892
931 1011
5 6
808 460
461 445
188 467
15 188
513 65
745 945
676 116
287 346
314 311
896 512
624 464
546 523
361 193
67 518
194 74
240 138
227 410
213 796
124 54
243 20
593 382
571 76
388 859
307 27
516 67
406 408
954 588
136 565
588 655
403 578
701 256
260 846
133 475
594 695
945 724
773 976
400 581
1084 661
385 726
786 390
130 194
924 985
687 1067
267 149
38 352
422 447
221 599
992 407
107 39
919 429
603 458
451 772
617 200
1043 995
630 603
74 254
517 118
147 29
783 649
354 930
438 729
8 28
372 280
865 1113
787 647
254 346
648 594
1070 1067
107 200
337 409
945 744
127 80
29 313
878 495
119 110
62 69
494 58
371 203
422 957
434 48
503 371
183 150
447 484
940 745
92 574
418 605
5 73
853 553
141 723
1051 512
189 184
300 371
259 293
12 84
457 923
609 370
7 28
599 88
677 254
578 866
647 221
21 354
786 599
263 446
107 9
669 110
413 44
766 187
83 239
746 744
218 439
699 162
809 230
611 614
700 585
796 361
445 586
88 600
732 144
404 228
869 483
349 45
675 195
125 329
631 94
182 28
1036 477
904 312
326 320
183 726
950 952
13 28
982 730
1058 546
414 276
724 747
106 20
330 239
416 145
772 654
882 377
698 130
210 676
869 278
677 562
319 915
458 276
312 555
506 63
622 1013
344 466
349 140
929 425
365 40
481 487
752 391
1080 968
761 935
648 127
487 1044
485 61
509 1050
520 68
6 84
952 819
896 891
745 412
711 1050
169 119
610 967
730 981
888 886
96 100
197 289
22 4
411 44
129 317
987 699
725 798
947 349
592 518
497 430
1034 471
453 241
106 652
823 816
243 217
441 363
958 942
839 255
935 1087
710 851
146 362
289 56
369 365
884 775
33 34
248 192
651 503
84 150
1123 979
391 375
259 132
366 51
1065 912
602 465
413 73
1105 1070
582 101
899 311
295 287
277 694
233 814
625 93
328 363
103 246
702 156
538 353
58 124
794 809
844 257
1027 757
662 715
528 822
132 101
324 325
907 891
569 114
540 285
981 920
817 308
314 181
452 652
220 176
732 710
79 336
578 1071
115 668
439 393
233 27
51 448
110 532
392 300
849 1037
777 194
188 562
837 255
428 146
89 603
565 287
983 920
263 194
147 77
268 362
905 312
309 479
1067 432
584 289
584 780
769 358
284 420
346 231
183 604
325 363
148 12
220 197
520 305
72 53
515 66
508 511
866 276
455 654
234 133
982 894
306 252
362 466
677 404
508 755
409 408
337 503
503 263
316 191
50 191
592 555
34 55
361 166
219 105
611 348
2 32
1043 1039
551 308
775 217
995 1026
302 811
976 398
93 628
1100 958
125 694
15 33
227 518
2 35
430 510
696 472
76 570
125 692
75 558
892 431
474 202
718 508
572 659
132 61
860 555
772 188
646 408
29 311
698 192
207 364
101 404
747 153
838 290
928 554
243 373
614 611
144 387
307 305
243 830
1053 546
197 780
223 495
1078 793
831 976
127 199
107 217
907 911
473 56
384 407
542 329
251 437
551 346
339 928
807 850
455 352
698 650
632 458
565 133
608 90
10 109
416 371
443 444
130 699
708 598
485 60
543 1034
790 697
359 40
338 603
984 661
868 870
833 443
148 206
643 129
283 355
17 224
753 754
86 429
346 399
630 872
461 632
649 194
707 954
458 1001
695 206
125 693
1010 707
197 181
860 561
687 156
85 398
428 238
80 401
698 801
649 127
932 1005
561 1065
936 896
469 118
819 953
638 677
20 22
77 323
706 994
695 786
300 414
1057 538
721 557
896 385
22 9
189 99
383 44
765 1102
252 433
534 308
814 825
565 1038
568 656
66 426
666 107
149 371
260 755
500 539
268 156
165 239
131 704
377 972
166 168
723 737
147 720
885 788
386 44
188 455
359 711
437 130
1076 593
551 54
38 349
812 846
314 69
656 654
296 182
166 165
162 78
678 116
502 61
293 194
838 837
421 45
1006 439
155 13
167 237
361 436
71 511
286 67
467 549
734 376
806 441
235 456
183 715
1016 521
417 279
159 756
326 629
662 589
718 260
705 194
410 993
161 584
131 536
940 946
650 335
430 425
884 383
788 886
344 181
746 945
87 6
106 378
174 121
276 413
288 24
902 392
87 187
783 647
886 887
817 429
353 275
75 5
590 434
761 930
509 712
347 746
406 731
164 165
199 649
108 34
412 44
464 625
939 344
700 840
523 570
774 766
85 596
996 422
473 207
287 876
373 429
1058 900
657 752
968 403
409 411
32 22
373 68
533 136
154 13
653 853
599 317
186 603
112 167
383 337
613 91
960 572
288 263
538 372
300 688
599 601
94 266
149 505
591 84
424 45
414 293
364 472
691 975
636 627
415 914
617 543
784 895
458 548
191 184
115 673
337 778
904 431
616 92
89 604
592 650
672 259
209 218
596 786
1034 757
200 788
576 79
853 929
435 307
656 953
18 228
221 217
190 15
78 181
307 438
698 797
388 83
786 363
1069 1070
86 6
316 349
515 455
669 119
80 583
663 188
164 168
529 903
280 694
320 517
606 872
942 398
593 695
411 407
305 729
202 258
520 182
652 415
533 71
632 491
445 348
1040 483
352 951
214 293
1078 910
719 141
936 784
249 306
867 277
84 153
725 401
834 555
90 604
989 402
1086 651
1066 1105
694 1094
209 404
1003 728
978 890
954 568
672 113
413 983
974 731
742 965
217 293
132 617
385 890
305 330
294 24
689 122
411 540
596 208
754 812
296 308
505 503
395 846
676 305
4 18
468 55
734 144
546 569
350 949
148 364
718 812
312 135
412 743
1062 928
1114 870
574 400
836 467
1049 1001
930 1120
817 425
716 136
163 121
157 246
795 712
77 5
592 895
731 974
464 1029
648 208
167 532
397 421
107 263
59 483
645 643
882 566
633 730
494 57
659 425
892 382
854 869
499 430
334 925
195 778
408 904
726 730
297 165
954 365
19 236
788 887
806 224
161 78
273 689
101 8
456 817
710 733
476 870
1084 1080
964 367
1121 931
806 225
218 221
660 664
439 263
482 868
859 633
462 1028
586 638
883 155
821 624
412 943
260 845
420 92
347 946
409 705
365 767
905 402
506 285
549 1059
203 263
870 1038
427 275
957 481
83 6
728 976
1124 981
257 369
349 362
78 5
399 246
899 29
575 78
99 598
837 880
167 165
416 203
448 51
462 235
669 114
887 571
191 623
370 376
784 891
889 357
792 211
692 884
209 596
170 70
744 783
672 130
584 171
841 769
95 86
997 1123
1007 351
775 192
861 714
537 500
705 351
887 888
591 387
875 295
192 503
280 28
444 440
468 403
258 251
767 367
1001 611
553 1061
629 207
265 74
541 308
167 117
297 162
248 245
163 633
773 649
75 557
316 147
492 166
513 484
111 10
154 104
192 288
418 994
244 20
1066 795
962 954
887 885
530 950
277 323
980 572
593 745
259 472
919 330
705 996
847 264
136 682
433 927
17 223
379 659
380 383
834 1108
861 313
190 161
421 609
124 113
297 877
650 775
580 186
811 1037
637 101
395 984
720 557
79 291
1020 475
648 695
871 278
450 700
285 507
375 330
296 48
788 431
373 66
948 350
499 399
490 170
574 77
482 301
595 592
915 322
167 164
1027 1025
158 755
343 400
817 234
136 717
671 280
889 936
95 632
362 544
792 648
138 2
369 954
719 84
563 168
328 322
423 344
148 149
416 357
589 113
48 296
495 283
650 439
855 869
670 112
924 896
855 427
610 1079
214 650
708 585
697 403
863 274
240 826
348 258
565 1035
103 614
829 591
772 819
495 675
678 223
945 413
1078 1079
684 126
770 975
625 677
211 680
528 226
1133 707
1075 274
524 362
220 802
297 563
1068 980
963 932
144 364
1124 983
904 555
740 739
650 696
666 495
474 307
74 550
177 584
753 750
203 357
985 724
954 340
100 383
773 191
532 518
1022 419
770 470
618 7
806 289
898 1118
855 338
132 547
793 910
181 541
197 782
692 694
955 934
595 594
1014 636
587 539
244 617
414 545
1024 1004
970 417
526 878
26 226
347 563
919 864
1047 232
734 541
781 779
941 445
791 825
