505 140
74 196
217 105
9 16
744 356
513 460
561 912
600 193
584 198
183 76
24 10
882 441
393 303
134 41
105 16
870 333
80 105
443 775
403 42
819 588
699 401
1054 558
203 105
233 19
323 30
396 434
508 427
99 135
821 454
665 106
85 219
56 105
305 116
610 376
341 303
433 337
696 219
507 427
632 429
660 588
603 454
744 590
838 355
42 333
584 401
404 42
194 196
234 182
917 322
208 16
240 23
94 376
1015 458
133 134
475 554
567 76
435 49
10 16
896 341
204 105
105 200
362 69
8 3
76 54
836 468
371 185
140 354
155 134
314 42
105 49
992 731
1013 454
108 24
744 591
168 14
500 72
582 80
495 355
899 306
981 393
555 775
940 590
883 586
135 134
114 10
504 332
333 105
274 105
724 396
999 427
276 333
299 434
235 233
482 57
256 21
533 460
467 588
401 205
439 105
23 21
74 233
81 52
480 57
11 3
468 105
183 54
231 128
921 333
67 58
914 316
788 434
256 269
245 41
886 434
348 202
427 46
408 44
101 196
446 105
206 105
173 14
495 489
243 233
660 106
196 105
137 233
601 193
409 299
112 14
157 333
598 454
956 355
16 196
513 564
745 396
1008 483
272 23
73 45
378 105
188 588
121 24
600 594
3 41
70 24
910 1069
833 775
551 183
958 396
125 367
155 135
970 376
628 93
333 31
73 378
331 333
243 332
268 354
434 389
76 105
584 327
349 69
468 355
237 94
725 299
401 198
598 94
45 333
819 467
10 120
330 378
847 706
875 287
505 354
769 588
178 14
591 356
145 152
185 76
16 204
99 7
841 256
42 105
351 134
241 52
122 355
182 24
278 564
355 42
266 23
1036 486
185 152
603 598
698 219
137 19
259 105
578 105
303 42
147 140
557 152
945 356
93 454
481 134
9 105
381 42
409 434
706 134
40 105
358 41
1023 460
82 233
460 757
663 134
91 233
392 42
711 233
81 241
259 333
214 105
826 243
743 396
265 23
16 24
44 42
390 196
603 578
890 341
16 14
208 205
398 42
115 24
287 367
487 564
771 188
1053 523
1019 459
383 42
274 196
957 564
585 134
134 42
598 135
213 105
375 41
414 105
338 42
594 193
468 367
13 3
290 355
401 212
543 333
385 42
82 182
941 724
186 76
222 16
452 106
190 76
882 297
496 59
393 504
215 16
861 333
339 354
607 483
275 23
460 564
135 23
396 332
208 219
282 46
207 196
522 483
588 106
757 848
282 72
564 554
361 105
500 69
258 21
483 57
105 116
105 201
543 329
465 54
393 332
275 378
822 765
958 724
21 41
415 452
147 152
155 585
764 183
912 314
369 41
746 591
475 483
116 128
254 233
10 1
93 189
21 105
145 185
1062 554
31 332
335 105
284 105
865 276
240 233
610 612
47 21
89 454
316 354
660 654
21 3
657 106
770 588
892 341
893 332
225 115
600 518
122 429
105 128
425 106
285 72
385 303
451 51
188 660
314 140
874 355
79 105
120 24
268 106
549 564
1053 765
885 434
368 41
726 299
217 16
91 21
485 90
187 183
374 41
584 80
132 501
56 196
733 144
418 134
481 564
504 299
892 303
422 564
824 564
354 41
591 590
562 588
271 42
407 44
434 552
397 376
66 46
84 354
14 24
124 76
313 140
121 165
996 564
31 45
46 72
11 1
106 41
1118 898
983 393
545 105
56 16
98 7
353 41
798 401
86 233
210 105
376 41
418 45
20 3
859 354
1010 452
10 116
74 128
213 56
322 49
238 564
743 590
846 340
267 573
528 69
127 16
92 49
241 316
675 367
66 72
539 72
590 356
54 41
33 16
534 233
495 367
347 590
748 396
588 352
321 49
341 384
140 146
80 23
45 23
398 299
213 16
386 42
60 4
362 52
309 413
185 573
146 152
629 198
12 146
711 135
259 21
106 415
80 116
954 588
84 140
218 105
182 14
377 41
106 134
595 219
231 38
74 134
994 418
135 52
223 21
1090 663
370 41
411 410
102 339
775 248
219 16
521 69
147 354
471 460
625 454
594 205
844 308
303 384
321 128
299 552
81 333
70 233
1032 468
1005 1069
248 21
22 3
201 49
356 42
483 564
452 52
416 341
21 39
23 3
554 339
809 775
910 1067
807 227
552 389
806 584
981 504
921 358
987 401
340 52
476 57
197 196
155 378
504 396
269 23
275 38
617 200
50 42
122 10
844 351
957 480
190 183
52 333
384 42
599 196
500 507
280 23
720 354
425 268
668 355
378 41
260 41
399 42
604 454
612 376
752 158
137 128
42 332
578 341
329 333
840 459
686 284
287 24
55 105
497 483
54 333
165 14
188 654
568 76
1048 498
996 447
34 16
88 193
381 303
445 134
603 93
434 726
368 354
246 21
591 143
39 23
485 282
483 491
598 568
46 41
744 724
704 454
305 233
825 239
1109 836
593 116
90 282
489 355
834 775
116 49
384 381
12 140
230 23
596 105
149 140
698 205
362 45
401 219
282 58
16 3
34 24
25 23
74 549
1078 1069
832 244
2 3
51 105
252 21
441 49
144 12
629 218
446 196
125 137
183 105
334 376
734 376
1107 824
114 112
401 215
389 299
55 56
390 105
167 14
42 23
339 368
433 543
500 68
330 70
546 429
57 72
500 470
44 332
443 137
137 243
452 588
54 23
72 58
333 196
847 481
354 42
404 434
249 21
537 72
314 134
742 185
591 332
484 564
15 76
231 19
353 72
192 16
125 182
163 120
890 381
243 128
210 116
198 105
673 329
52 3
69 46
297 120
268 452
707 134
145 140
853 268
164 14
20 41
56 49
632 94
58 46
235 41
165 120
18 1
376 378
20 1
16 205
72 69
912 558
853 691
313 378
898 429
386 303
120 112
849 564
431 299
135 332
304 329
185 354
409 410
725 552
1049 499
460 486
913 316
553 568
476 62
120 182
282 57
745 356
287 255
378 42
408 407
104 105
953 588
599 193
307 105
709 564
312 140
331 105
289 196
321 105
17 24
480 135
45 42
1097 808
784 381
52 46
1085 617
695 196
507 72
34 3
392 355
74 504
517 427
641 105
470 333
668 495
346 38
41 39
308 378
669 120
391 42
998 427
770 467
899 311
614 269
51 41
612 334
504 381
687 367
142 140
895 393
1035 483
512 341
383 332
780 196
1028 462
185 183
137 106
254 134
518 193
327 196
149 146
517 507
675 489
583 80
124 24
70 10
54 3
201 56
196 204
255 355
657 452
701 269
920 393
68 46
912 468
64 72
203 23
284 23
426 46
491 58
74 552
860 432
433 329
307 116
216 16
298 429
1026 460
554 460
557 573
347 356
787 200
2 16
773 189
428 46
383 303
215 219
332 299
282 23
179 120
888 434
523 69
201 128
271 333
140 152
56 128
708 134
451 500
245 21
390 204
202 105
198 16
687 434
429 46
7 3
323 321
174 24
744 153
520 429
1067 1069
1058 819
201 16
657 268
75 152
221 16
691 134
214 204
855 269
43 23
305 128
322 321
808 564
431 332
894 393
568 660
260 21
592 219
498 59
333 434
39 42
21 46
398 271
146 354
16 1
88 204
25 1
1012 454
411 143
83 143
1098 1035
176 196
875 495
770 654
397 42
506 69
874 287
395 42
222 219
741 152
578 454
2 1
725 219
926 335
325 49
655 106
62 46
486 483
131 134
783 198
8 1
1009 452
54 354
79 49
230 233
355 367
101 128
882 377
594 204
302 25
12 152
15 183
393 42
486 57
131 135
608 376
532 120
950 352
331 329
157 42
957 355
584 441
817 308
681 116
82 19
194 204
532 237
105 205
545 333
900 306
677 116
284 434
504 434
118 205
389 726
658 333
73 376
590 724
19 27
840 458
518 594
76 396
157 21
874 495
96 376
480 483
659 106
504 143
401 85
356 724
218 16
152 573
271 23
140 573
107 21
218 196
553 76
886 299
957 479
1004 1005
429 460
552 726
423 72
429 128
300 140
680 116
724 332
7 16
400 105
39 105
1 3
118 10
730 332
212 16
565 76
209 16
446 204
1099 714
102 8
239 233
4 46
198 205
14 1
413 552
31 54
268 23
452 241
264 564
11 137
633 233
5 76
280 112
393 341
206 16
648 105
219 205
654 588
218 204
610 90
853 707
73 11
284 429
703 687
15 14
505 573
213 116
634 376
889 341
198 215
222 215
807 850
682 117
233 378
375 155
891 341
543 331
350 38
504 140
750 378
491 607
280 532
39 3
29 1
412 396
721 140
162 196
798 725
730 299
431 389
378 204
420 333
849 554
858 270
70 355
127 116
855 868
707 316
354 573
594 215
328 49
9 21
263 196
49 128
786 215
131 585
62 72
332 140
985 396
148 140
409 726
795 313
15 23
725 726
219 212
892 393
279 23
16 30
382 42
327 198
259 45
1098 847
875 480
204 205
303 382
307 213
810 254
516 67
938 341
56 40
238 233
231 254
834 248
1069 578
214 16
378 454
187 76
373 46
273 23
438 49
210 196
890 303
505 146
9 41
23 46
8 6
500 427
423 45
1058 546
187 54
131 137
116 204
279 415
404 50
446 116
144 387
580 80
1054 912
578 384
507 90
391 106
578 564
960 356
168 120
694 355
44 23
365 354
467 660
602 93
775 512
41 332
321 30
208 212
396 299
761 339
66 58
510 90
654 106
143 332
869 564
39 46
410 434
83 243
64 46
675 115
585 233
323 203
638 501
976 393
995 564
357 341
709 483
182 23
659 268
372 42
7 1
45 3
217 204
250 21
928 554
356 355
963 432
296 24
148 152
198 219
62 58
675 694
14 176
211 16
503 105
30 49
464 454
788 299
306 233
76 573
113 120
347 743
334 41
186 19
371 152
356 354
455 588
274 116
429 454
869 554
1009 555
268 40
70 19
643 105
565 554
429 299
578 185
781 196
329 332
591 724
339 72
775 429
239 143
533 612
190 185
23 196
610 1078
23 1
451 507
56 3
657 391
66 57
1095 699
146 573
91 269
376 454
376 137
459 52
1068 578
753 378
52 50
902 314
390 49
51 354
312 329
206 49
82 237
378 54
947 349
198 204
23 134
40 21
283 23
468 116
848 564
150 140
49 40
58 57
702 269
140 143
227 23
150 152
52 367
658 106
765 183
546 73
693 355
34 14
783 205
186 429
52 128
476 427
117 10
29 316
435 116
642 105
592 85
758 160
586 134
847 1035
215 205
356 552
486 757
72 59
495 58
100 7
381 332
822 237
383 381
511 72
447 564
182 128
481 57
31 331
593 274
237 196
20 233
641 200
303 49
184 80
334 354
116 205
268 316
177 14
684 118
96 7
349 45
744 746
506 500
1116 884
199 16
521 578
692 233
890 382
19 3
378 316
123 16
135 41
660 352
212 205
21 1
765 549
384 333
186 27
569 76
316 415
507 415
448 134
210 16
64 69
568 415
238 41
72 4
146 147
324 128
365 268
380 42
284 329
434 756
743 333
653 106
490 58
56 212
206 116
107 196
280 70
415 354
138 137
351 46
92 7
657 661
105 216
50 41
924 334
321 429
649 105
233 204
250 41
165 168
148 146
559 152
1043 1035
1036 477
920 332
754 158
2 24
919 429
248 52
333 200
414 46
197 16
446 205
967 376
135 196
887 434
42 3
1007 554
73 543
187 396
132 470
963 362
649 140
182 52
23 50
90 69
809 248
649 468
4 58
271 355
148 135
313 39
208 446
398 756
198 212
185 146
828 242
264 23
543 332
632 351
56 207
200 16
587 81
88 594
482 849
1068 1019
925 598
148 573
710 573
464 237
711 137
52 39
356 468
464 54
106 13
932 468
568 135
993 434
45 355
840 399
300 152
409 44
241 50
71 46
89 93
590 143
890 396
724 434
282 65
13 1
72 396
429 376
460 52
457 376
64 57
341 76
660 564
353 578
498 499
642 116
748 590
790 219
106 358
339 316
201 196
54 21
3 46
28 3
475 57
861 271
252 321
527 69
319 30
271 356
659 578
715 135
240 19
165 112
203 16
588 137
215 212
561 902
100 598
321 137
59 46
404 271
135 367
995 460
40 3
1003 731
477 460
189 454
51 3
271 50
384 382
65 57
344 116
538 72
1031 466
135 504
504 552
648 205
174 14
289 215
364 196
333 299
204 274
356 389
28 1
908 512
117 76
726 756
571 434
179 14
186 74
604 578
744 945
426 72
108 16
576 339
836 271
144 364
615 91
338 354
399 356
554 429
748 153
18 3
194 16
821 237
378 585
301 82
22 1
588 241
315 313
724 389
212 196
919 330
572 76
566 76
380 303
385 381
622 454
806 495
585 137
1045 757
240 134
341 382
237 355
432 46
314 50
353 38
269 196
961 356
871 484
259 50
989 1050
224 115
762 564
752 661
168 24
9 3
691 196
335 333
497 607
367 255
395 661
382 381
237 316
185 54
308 452
27 3
923 612
945 590
903 558
1018 459
468 434
338 134
811 233
428 146
578 80
166 14
422 45
56 202
44 52
462 76
491 67
648 116
557 267
128 196
372 41
207 16
340 354
125 429
887 299
311 135
354 39
780 215
88 198
388 42
481 706
142 152
85 205
553 74
313 142
636 434
816 233
146 142
93 7
482 447
130 205
596 200
197 176
441 198
338 429
153 396
632 270
434 332
78 120
1067 1005
1097 705
179 112
559 185
51 56
1086 693
341 183
260 81
393 381
265 39
208 274
3 6
103 41
687 543
45 54
1046 489
251 105
289 205
27 1
877 287
499 59
62 57
28 6
93 15
182 137
271 434
772 588
468 552
268 72
507 147
335 42
158 183
822 523
207 204
299 756
89 7
767 354
403 376
211 205
701 131
164 322
1092 671
28 233
410 299
78 333
172 120
118 93
549 660
271 314
34 10
237 269
344 549
255 23
84 146
340 241
892 396
198 116
417 376
395 268
771 953
32 341
698 198
585 237
1055 532
74 206
4 62
518 215
465 93
372 333
378 389
136 14
969 376
367 489
46 57
166 120
547 73
855 603
664 106
474 56
153 356
79 128
135 11
945 591
369 268
991 407
840 256
483 65
51 54
176 120
850 265
660 562
70 182
215 216
524 135
454 54
134 140
564 333
244 378
381 333
248 512
649 660
54 49
548 73
768 186
282 59
895 332
284 725
585 81
186 549
207 212
208 468
385 341
489 287
204 210
327 56
1078 1067
138 11
182 532
270 23
14 80
432 69
423 660
874 489
513 848
315 396
53 3
123 14
312 311
517 67
443 504
438 204
661 106
929 339
663 106
329 355
240 39
894 303
63 62
73 467
527 558
158 661
730 393
47 41
368 134
362 40
598 86
366 40
633 237
983 895
2 22
806 441
347 38
469 55
699 584
211 219
290 24
884 299
258 201
668 290
27 6
88 219
312 29
410 389
292 24
930 354
50 333
661 378
657 402
44 135
360 56
55 49
610 432
76 49
707 237
255 333
279 598
920 504
326 30
750 356
416 573
203 332
458 52
137 332
259 200
765 523
879 367
352 76
386 381
572 399
549 504
409 316
631 237
461 52
508 500
202 201
25 21
468 446
331 54
195 16
986 396
110 24
324 30
163 14
57 69
876 287
443 50
687 588
149 152
196 30
456 452
420 105
282 64
982 393
210 206
137 452
994 706
212 85
528 549
297 24
274 49
578 142
642 200
267 140
86 454
275 415
91 7
168 112
185 49
211 212
355 41
621 454
300 185
295 24
218 215
153 590
711 313
696 216
135 467
181 120
500 730
395 158
660 233
512 198
13 16
13 7
308 339
346 54
92 201
210 21
1002 460
75 267
481 554
334 254
567 183
962 660
505 62
278 23
986 724
70 532
3 49
398 85
286 24
305 27
712 135
558 333
143 299
108 10
125 10
84 332
274 205
68 65
940 724
211 215
82 588
633 143
780 289
709 134
1044 487
540 72
47 3
257 354
454 52
408 775
427 90
56 390
119 76
127 219
588 378
101 468
670 112
611 578
468 573
121 10
585 241
218 201
594 198
594 85
941 347
419 564
137 454
358 378
730 504
591 153
206 128
816 549
38 23
118 629
955 354
9 1
382 385
100 96
1035 709
322 446
331 185
439 196
709 554
512 833
695 274
721 543
122 329
66 69
469 336
182 237
1021 460
508 485
181 14
1 24
438 552
213 49
184 135
403 578
212 327
957 995
584 390
101 74
248 443
509 69
890 385
135 340
243 241
122 543
80 76
542 434
188 578
213 204
661 338
327 49
62 41
383 384
633 243
176 24
927 337
20 19
571 299
335 56
923 334
384 393
183 393
361 196
801 219
837 290
257 21
216 205
251 333
724 504
360 40
134 81
1087 658
668 694
56 332
443 230
512 809
222 205
813 233
387 42
816 709
224 355
845 260
164 271
387 303
50 21
591 381
565 339
754 661
824 554
540 434
368 316
21 206
146 332
908 341
276 23
477 486
327 390
475 241
775 198
953 352
290 495
742 152
446 274
251 21
1043 483
222 198
248 833
767 268
756 389
189 183
643 200
837 255
235 452
1026 564
742 222
675 480
741 598
1087 935
422 554
833 809
585 254
1073 588
660 769
332 389
113 176
55 3
270 41
105 291
364 56
427 282
886 389
775 331
77 16
1045 487
391 378
73 413
642 215
141 152
695 219
211 204
592 215
104 21
761 308
231 182
831 243
140 333
869 868
885 299
367 183
793 212
17 1
439 49
28 7
458 106
31 335
68 90
14 13
98 598
820 237
8 2
343 446
74 554
131 460
711 269
888 299
146 143
293 128
31 329
608 334
25 18
649 142
94 233
908 312
730 143
282 68
212 193
506 64
75 354
206 198
58 69
415 241
203 573
942 347
495 694
206 58
861 711
871 870
157 332
144 559
221 215
1004 1069
120 233
153 743
45 50
736 341
372 134
611 131
485 65
687 532
677 660
217 128
764 498
130 401
748 347
26 1
183 384
157 52
218 216
109 24
148 378
453 564
743 591
1023 486
633 94
884 434
788 389
393 299
757 513
217 205
910 1005
595 85
6 1
426 58
429 543
945 724
761 340
49 361
707 358
396 42
103 21
558 468
723 152
383 504
497 59
792 205
872 376
176 390
626 93
612 256
793 213
599 594
724 183
1087 987
194 128
94 41
330 585
572 612
207 205
400 42
321 325
462 54
135 227
124 10
481 709
846 392
621 598
68 69
327 401
221 216
228 52
167 24
725 143
28 13
765 313
112 24
26 25
328 204
54 316
300 573
657 979
276 299
220 196
491 497
115 367
240 230
812 233
122 331
466 76
806 699
504 726
17 115
239 137
466 333
58 24
52 316
335 204
52 146
836 255
896 303
568 549
142 354
55 21
138 240
183 381
344 564
194 116
194 56
22 6
606 376
471 56
409 384
1047 495
367 241
987 658
457 135
756 552
367 50
194 41
216 219
155 81
415 268
987 935
128 274
780 216
9 24
106 467
285 24
795 212
144 556
1053 822
692 219
698 212
142 143
467 76
639 186
367 40
121 168
1035 849
462 990
9 13
178 120
668 107
368 268
466 396
272 204
276 143
340 339
201 116
888 389
293 56
510 282
816 270
549 415
355 39
284 543
33 14
30 24
76 233
194 210
731 143
282 233
259 31
146 150
963 860
176 327
58 59
39 50
971 376
270 378
274 23
515 452
55 128
888 552
591 243
691 355
1128 1023
437 105
20 241
69 4
590 552
373 41
788 552
146 145
833 504
203 206
737 152
161 183
165 239
287 52
747 356
120 332
409 591
152 267
240 443
721 149
312 555
565 287
981 895
181 176
594 274
452 358
538 106
585 706
486 848
95 454
408 725
796 384
357 355
339 106
79 201
622 93
187 15
521 711
432 1005
40 42
598 654
78 183
334 368
705 134
413 389
189 76
338 50
77 196
334 231
393 58
167 237
542 299
597 94
457 333
430 282
590 299
50 354
410 396
316 76
198 85
48 41
85 215
439 116
338 51
274 210
1043 847
518 85
171 14
165 297
542 389
475 709
787 725
532 333
453 52
131 155
115 10
1003 908
864 368
836 470
154 218
280 392
136 313
458 308
888 726
125 287
66 62
193 196
688 367
177 182
30 10
204 193
540 150
1039 706
227 105
1035 475
163 112
310 312
706 691
703 131
861 1050
757 487
189 54
290 694
401 698
499 483
664 660
210 41
95 27
329 140
96 612
360 361
357 39
46 354
341 573
491 517
368 660
444 233
147 12
454 191
390 116
293 49
241 49
46 40
984 395
204 216
117 120
392 356
688 452
183 147
407 332
372 378
262 41
1009 462
308 81
1001 429
213 212
290 122
795 315
361 204
235 19
215 116
319 915
976 895
710 135
757 808
142 332
990 404
207 198
130 10
571 389
714 135
747 396
958 355
348 38
30 1
20 2
860 271
201 233
536 72
596 85
238 19
240 43
199 215
748 434
240 444
376 968
593 85
808 848
840 391
648 378
297 584
194 30
1039 847
647 105
459 137
274 390
382 578
694 489
430 46
334 31
1123 979
255 21
487 460
780 198
42 389
72 140
322 30
36 2
360 55
415 45
846 395
74 194
920 895
545 135
284 393
389 396
730 552
455 452
147 76
924 634
923 457
942 507
197 327
57 59
838 255
226 18
571 552
54 40
503 204
793 1069
10 2
851 573
149 573
322 206
176 198
390 205
336 333
468 303
94 137
19 41
365 52
655 588
143 23
119 24
409 729
341 389
65 90
213 206
72 356
37 2
232 19
847 278
52 269
442 49
718 313
132 331
458 314
983 894
167 532
314 39
12 142
466 54
1023 808
148 142
987 699
259 420
414 434
317 196
202 16
40 354
1017 459
621 93
361 206
269 49
23 18
78 176
283 355
168 237
267 185
588 243
419 460
307 27
450 51
715 578
687 698
884 389
260 73
183 150
206 446
131 94
726 571
308 358
228 50
79 322
756 571
572 256
208 127
592 193
509 427
901 307
447 73
1051 512
564 76
742 600
522 69
344 49
184 185
316 299
209 204
795 765
425 308
80 120
145 354
239 243
817 429
552 396
610 96
777 196
216 289
376 234
287 182
212 216
802 390
1080 612
9 7
128 439
677 585
522 607
315 468
339 31
495 316
387 384
555 248
912 902
574 333
158 13
544 73
44 3
328 30
63 427
648 594
157 40
549 466
137 230
218 104
61 470
165 166
821 464
438 201
824 447
621 603
147 143
394 42
590 233
39 45
413 341
590 239
51 38
931 339
1098 706
133 45
206 201
416 355
277 23
1052 514
419 45
671 355
687 351
532 355
647 200
392 56
409 431
208 648
241 46
489 333
427 71
669 569
74 287
11 19
836 451
603 464
76 13
280 372
397 135
540 507
612 136
25 39
469 118
352 467
788 726
838 367
38 233
816 849
385 384
526 69
210 56
1078 793
728 143
56 214
71 62
426 57
189 578
438 725
191 54
969 634
477 483
756 396
642 198
90 64
675 224
216 390
204 81
458 235
659 256
564 868
251 56
458 391
265 25
238 460
1112 868
423 331
595 327
265 284
549 467
18 21
815 233
965 468
578 218
446 210
390 333
393 385
689 495
484 460
473 196
770 188
124 14
168 532
361 210
55 40
352 654
517 441
387 381
316 358
1016 458
870 278
498 700
237 19
578 327
392 241
355 40
362 137
62 140
336 201
599 216
156 269
361 40
875 675
772 660
840 425
51 368
371 354
1034 513
93 191
508 71
184 206
293 204
70 34
1083 612
70 82
65 64
497 430
925 334
452 243
110 10
904 512
523 466
260 418
43 3
654 467
138 230
13 24
147 573
458 276
239 19
960 399
579 80
571 396
367 532
634 334
27 38
287 25
414 356
75 468
69 59
51 269
380 341
18 2
182 241
149 185
757 471
275 27
410 333
388 396
551 549
887 389
451 275
572 659
418 155
420 45
57 4
153 13
726 886
208 792
551 74
1004 1067
1070 578
601 594
348 585
706 663
908 427
551 308
1084 612
63 4
531 70
413 143
460 848
346 155
1005 1105
22 13
533 757
832 378
133 52
128 303
919 1119
112 333
305 237
77 56
317 49
207 327
279 568
56 289
555 74
745 153
784 382
305 393
642 210
15 185
236 105
924 608
116 24
64 58
237 38
472 105
4 3
887 552
471 848
624 454
306 82
597 598
518 88
274 201
1040 483
692 200
57 485
1005 907
115 454
210 233
181 112
267 76
174 120
443 393
466 69
1037 480
362 268
1071 578
197 204
91 256
227 134
420 329
612 968
179 280
64 4
562 76
671 578
372 368
380 381
535 72
371 341
104 333
413 378
119 10
354 150
907 432
592 594
808 513
365 40
330 38
486 484
865 976
124 183
662 106
814 233
498 979
812 239
213 207
467 378
71 4
82 201
782 197
472 56
9 10
287 115
1073 770
390 42
254 21
416 185
721 545
245 42
121 166
977 382
344 660
14 107
662 452
235 415
396 140
1078 910
872 417
904 908
890 784
161 120
569 120
623 454
55 201
985 634
766 183
702 237
8 22
702 131
330 131
306 239
470 116
859 271
335 201
1003 992
554 137
753 158
51 446
888 756
218 274
520 137
387 382
25 299
390 446
124 117
58 40
1020 460
65 4
339 331
216 199
392 368
1005 793
697 321
527 314
924 985
433 331
765 466
217 243
827 316
193 16
693 135
163 322
915 322
508 63
271 200
98 636
654 452
484 483
81 50
735 152
143 396
988 1050
644 105
327 85
227 39
593 382
13 2
597 86
141 354
284 200
68 64
113 134
1109 468
136 213
410 726
828 1062
377 134
1061 568
464 189
313 457
677 131
439 274
849 709
155 237
622 189
20 50
202 49
69 219
811 578
943 396
640 218
267 23
85 193
195 489
246 41
139 146
72 351
355 112
94 7
542 552
82 460
420 543
705 237
514 65
204 263
226 528
885 389
561 75
193 215
85 128
308 34
679 116
641 333
485 68
870 484
140 299
371 146
542 726
260 458
201 30
752 395
698 215
188 467
472 196
278 554
518 532
981 983
431 135
219 193
922 460
454 81
168 322
887 726
287 122
438 322
339 484
966 367
356 39
541 72
911 313
905 332
227 378
82 269
240 248
314 147
58 439
134 11
1005 860
203 62
199 289
333 337
227 578
270 351
640 104
504 243
17 34
263 24
187 466
662 415
990 1009
1080 968
64 62
79 136
3 50
466 241
399 354
400 80
545 200
263 23
788 756
68 4
541 549
984 661
161 185
112 10
569 117
584 176
755 418
65 430
377 429
510 65
1067 578
293 24
410 143
314 558
434 729
578 150
350 313
282 66
890 507
305 308
75 148
659 425
1124 981
716 256
126 10
183 726
1073 1130
729 299
834 512
497 1041
416 45
612 91
849 475
725 356
90 396
384 386
734 144
61 4
147 142
413 52
197 390
700 183
1094 694
172 14
47 40
338 31
62 59
675 195
846 260
853 659
302 136
203 40
588 81
820 853
208 596
486 513
1098 849
274 80
54 329
960 572
330 31
132 11
383 382
927 433
642 216
251 204
135 117
30 218
817 425
81 46
693 367
748 745
14 110
94 241
317 30
460 81
296 182
1038 709
430 90
508 476
816 447
70 239
780 327
1087 1132
284 591
1101 757
818 501
413 590
540 411
367 470
221 289
219 289
1011 452
301 331
110 182
695 198
411 552
1115 874
242 578
247 41
22 7
124 54
856 270
549 501
49 363
350 711
186 15
738 147
335 52
821 501
582 757
859 409
700 131
475 447
73 420
11 2
11 45
80 269
634 608
169 14
24 289
590 730
757 1026
263 206
321 202
32 2
94 82
471 513
346 368
456 52
78 197
293 201
817 456
188 769
438 214
221 786
939 344
891 303
101 554
546 523
23 246
391 158
323 320
73 133
245 354
50 368
6 16
231 243
84 42
1054 527
77 420
7 2
500 562
363 215
162 198
453 687
340 268
419 848
387 385
542 396
311 329
273 355
638 466
420 331
432 362
348 315
145 573
677 155
213 364
730 381
383 386
211 289
220 16
235 27
1065 912
255 233
38 19
68 430
159 434
243 396
117 185
468 457
1100 724
45 13
113 10
560 212
20 81
158 649
45 251
896 384
385 386
320 30
323 192
504 142
193 401
413 137
386 332
371 41
503 62
195 255
326 323
218 199
81 452
447 238
263 214
719 140
234 19
176 182
847 816
248 331
687 122
571 76
200 219
922 333
128 10
950 451
641 446
254 52
267 341
902 558
5 1
729 552
92 259
489 58
893 504
62 185
88 7
311 306
197 212
128 289
85 80
155 415
84 152
746 153
169 120
508 607
853 553
446 594
44 410
726 143
1077 598
1045 848
1039 1098
620 270
565 133
1010 467
67 62
645 105
290 671
623 93
324 321
183 191
985 608
368 415
383 387
934 340
585 691
708 454
20 11
884 552
445 51
581 80
974 378
377 585
606 135
489 255
133 56
607 233
110 124
1050 504
229 454
68 470
25 11
887 756
335 329
14 162
816 565
815 270
324 50
318 30
142 355
886 552
678 196
574 420
677 213
540 285
115 255
746 724
30 327
87 41
992 908
101 271
380 382
711 466
773 649
639 103
170 14
210 205
668 115
344 415
186 711
162 176
958 398
157 31
329 185
603 90
38 2
135 104
881 308
369 72
558 543
194 80
743 748
429 884
376 630
22 11
801 698
568 268
146 316
430 485
267 62
239 21
404 573
338 254
946 590
501 355
885 552
81 243
1069 1105
692 321
352 769
121 563
484 57
261 21
847 264
361 194
701 399
235 568
725 591
657 846
1112 869
81 94
259 55
656 588
983 976
894 895
562 578
1007 687
932 339
686 122
49 437
464 191
442 322
878 287
408 409
299 386
356 410
376 421
709 543
127 274
289 116
446 127
128 107
683 118
819 237
781 390
8 28
808 471
1000 427
522 491
88 599
410 542
363 193
561 860
35 2
419 486
279 654
207 128
224 495
663 452
769 654
504 62
16 129
150 573
263 194
606 94
865 1113
279 451
34 2
24 33
1066 912
1011 894
647 198
18 19
139 147
377 155
860 312
266 376
743 746
881 330
1070 1005
553 663
92 284
25 303
545 339
598 953
82 381
609 90
833 555
250 39
115 673
320 321
633 389
185 389
509 507
250 429
130 327
873 287
586 135
23 262
501 470
649 194
409 892
427 868
705 532
147 396
130 468
113 532
1 19
401 42
823 238
351 52
330 239
468 489
579 184
304 27
384 329
71 233
142 150
313 404
867 277
54 268
148 12
996 995
417 45
1131 1080
410 413
464 89
756 886
258 202
356 543
269 76
150 76
266 94
604 183
395 767
1072 587
456 308
602 189
592 327
517 118
206 439
905 356
1020 486
814 825
257 660
834 443
33 120
930 339
738 793
256 59
363 321
945 347
833 834
1098 1043
61 501
437 56
21 214
438 305
566 183
1 4
157 13
704 775
392 271
892 384
907 1069
317 322
1050 711
343 34
285 500
756 885
587 338
979 391
224 192
1096 701
58 351
885 726
251 31
719 267
280 694
905 312
730 756
183 87
483 995
481 131
567 190
481 65
765 521
336 205
641 643
21 59
1040 57
316 532
868 554
164 165
352 38
705 415
995 484
207 390
772 654
603 458
929 368
6 13
325 128
62 341
572 184
824 238
119 124
57 420
336 322
348 445
744 745
344 568
326 320
624 237
483 64
483 487
500 430
346 287
613 230
211 401
482 995
288 24
341 44
662 378
20 243
213 284
390 378
30 200
671 112
364 333
903 795
213 472
328 212
251 335
1014 454
218 439
848 1034
588 269
305 259
199 780
121 78
924 896
976 981
752 391
709 484
369 452
811 480
183 602
737 146
625 183
28 182
87 134
276 591
620 92
400 210
317 321
1017 1019
746 748
103 9
523 362
7 76
349 140
829 243
944 396
560 75
640 629
712 313
400 206
997 423
953 368
907 1067
117 532
220 390
1102 765
237 145
372 271
622 191
1112 855
163 351
1088 658
329 415
884 341
413 724
466 74
201 361
134 487
555 687
954 568
199 786
503 573
207 216
739 152
789 203
82 176
976 894
475 65
340 237
757 476
181 549
127 10
10 7
574 400
343 698
185 569
337 42
601 518
543 384
485 64
501 660
1081 612
895 504
356 470
837 838
363 218
937 341
579 369
585 270
48 3
896 889
143 381
479 564
147 150
346 254
209 215
723 142
202 31
185 364
156 13
694 255
636 737
495 70
230 19
872 279
779 196
647 786
602 622
68 510
246 39
406 44
306 27
688 214
578 211
941 940
250 367
430 59
881 296
289 327
110 117
895 303
358 354
586 356
269 116
879 287
995 486
446 193
218 780
217 775
11 18
1067 1105
133 213
650 105
133 11
231 57
571 888
78 113
17 224
771 515
794 212
1039 1035
554 81
890 388
252 107
878 489
508 509
410 543
1043 706
300 267
58 112
328 193
705 194
218 532
893 393
784 384
362 146
603 186
372 467
700 585
150 12
200 205
872 370
284 542
662 137
222 212
6 2
201 104
369 368
79 133
342 34
70 27
576 136
284 420
356 407
316 66
746 945
891 384
646 105
887 571
1105 793
82 6
609 872
692 214
34 182
362 466
633 730
89 73
77 147
638 132
18 13
481 691
143 12
48 332
698 211
190 573
692 687
369 358
677 344
552 381
1025 460
598 715
886 571
697 128
509 63
788 571
40 293
193 222
5 13
859 276
407 552
371 145
34 6
397 468
57 477
38 18
90 7
1124 393
18 6
596 786
337 356
671 195
511 65
150 62
143 84
521 470
278 51
388 591
688 122
725 542
413 44
755 260
654 562
606 90
441 401
525 69
614 131
345 38
435 128
1104 771
995 477
309 28
400 322
819 770
39 332
680 128
134 71
870 824
951 588
248 392
407 410
979 496
107 206
658 340
780 786
124 58
113 82
676 116
648 127
189 191
105 129
2 19
126 25
368 351
645 200
1084 968
214 196
1110 836
783 786
528 765
596 742
171 501
887 888
940 347
33 2
588 445
450 459
462 818
869 483
121 163
564 331
444 69
28 34
628 189
165 563
144 732
286 58
221 199
429 214
834 809
230 775
592 725
669 110
954 365
682 136
30 34
989 402
589 82
712 315
1082 612
293 194
40 364
565 486
359 183
891 578
747 590
298 590
107 58
274 214
1019 613
445 155
521 509
278 868
33 34
982 730
388 276
285 90
649 127
369 365
568 94
1003 728
839 287
730 725
861 988
457 52
584 289
78 162
477 65
211 30
403 468
691 663
928 339
892 504
79 400
477 447
397 313
629 327
41 191
559 75
155 13
293 214
641 545
629 93
625 93
810 334
930 761
108 120
34 15
69 13
1123 997
818 235
151 241
265 101
214 116
731 408
992 512
692 884
1097 1024
695 446
363 40
251 202
468 467
210 214
31 241
352 562
958 388
448 51
903 529
802 401
671 836
572 980
666 355
780 221
748 744
145 62
481 663
1112 995
767 185
666 259
336 31
920 981
718 136
791 204
58 255
878 495
455 660
165 167
404 142
972 377
66 59
78 181
557 75
945 743
308 28
349 316
457 94
460 1024
688 884
793 1067
751 158
1001 687
398 976
367 48
165 172
535 415
240 306
228 241
373 72
1108 834
45 227
862 273
689 489
685 120
238 137
457 334
695 127
770 769
896 512
153 12
150 145
593 695
313 132
704 687
213 437
524 578
898 306
327 274
710 267
140 720
186 414
316 562
705 351
358 268
158 750
263 446
246 46
942 958
262 368
307 305
120 19
75 558
951 352
699 441
884 413
512 698
792 219
515 316
27 18
945 745
6 7
237 503
725 729
181 113
741 603
246 585
48 46
297 441
120 563
422 73
538 415
157 335
222 85
361 80
111 10
189 15
113 124
105 651
66 4
56 470
364 341
555 124
943 347
415 827
244 470
1017 1068
756 542
494 58
627 93
943 412
379 41
518 599
213 286
699 297
176 80
437 274
127 594
23 97
443 142
542 72
724 142
646 200
317 194
584 162
19 7
485 510
445 568
1074 592
142 591
666 107
160 13
634 872
98 627
94 86
431 410
455 52
322 210
1037 957
437 439
24 291
176 124
747 724
870 351
85 6
67 282
213 366
1034 808
455 72
761 176
218 335
8 101
656 106
99 94
221 599
482 868
80 401
80 6
945 730
497 58
353 568
209 218
676 210
358 39
174 165
524 69
995 418
399 46
94 351
905 402
14 161
153 84
1100 958
66 368
223 549
373 58
1013 464
573 84
503 214
796 213
626 464
529 69
507 562
118 441
239 434
301 25
520 82
244 501
12 3
7 15
480 479
952 588
810 231
170 120
425 45
414 44
200 470
929 425
931 1011
621 604
252 122
321 435
103 246
329 542
952 467
73 270
563 76
538 392
701 459
693 290
1043 849
667 107
568 322
65 512
617 543
456 241
43 46
996 957
574 92
480 476
735 145
1060 660
256 769
405 429
76 84
712 795
336 40
63 507
603 89
122 545
199 687
240 231
245 39
591 726
330 711
786 216
553 1060
884 775
372 145
73 545
855 869
257 316
885 571
251 331
725 390
61 68
740 152
1066 902
346 231
92 88
162 327
616 92
868 824
485 67
904 312
491 632
822 432
216 439
60 25
737 149
9 2
432 932
466 314
492 58
839 255
484 241
71 59
384 331
108 70
324 55
13 154
743 412
610 822
743 944
238 27
47 104
48 434
265 307
474 201
406 407
149 150
204 291
484 549
216 798
400 194
662 316
346 418
617 92
14 180
119 117
141 146
446 291
651 503
131 11
355 402
325 30
290 838
889 303
698 210
654 532
775 193
698 207
549 831
364 207
542 888
848 278
194 390
310 311
950 538
365 340
78 161
961 590
835 251
642 641
48 296
720 147
908 408
351 38
604 90
290 880
256 614
300 25
485 476
204 472
884 383
658 308
848 1098
203 503
61 64
54 467
719 148
380 385
953 769
9 106
539 500
1089 658
741 157
219 650
305 235
353 51
217 501
457 315
854 269
464 624
650 201
837 880
295 287
195 694
393 439
285 485
188 562
826 240
136 11
581 329
101 404
402 42
998 507
812 846
821 624
1064 560
206 215
548 358
12 1
250 687
242 20
545 709
902 527
949 350
90 607
306 687
701 840
170 70
127 80
720 557
473 207
303 439
258 251
69 426
187 567
214 206
423 257
195 778
700 459
61 500
774 189
711 252
408 406
182 107
599 218
148 206
269 137
952 352
20 106
418 484
155 344
672 367
523 314
92 157
705 409
258 348
641 129
906 312
289 401
691 124
633 163
315 29
184 15
419 513
402 52
427 864
417 612
435 691
693 125
4 59
65 476
617 132
656 452
86 378
678 116
137 214
929 853
592 222
426 282
188 15
704 131
699 162
750 271
439 210
999 507
377 445
632 458
279 372
459 980
724 412
445 451
545 217
812 718
104 42
592 518
748 940
456 235
953 392
259 254
246 250
647 127
278 824
1032 598
834 555
282 133
749 443
112 271
388 404
677 254
89 602
459 842
429 71
101 132
650 698
584 780
327 206
243 303
485 61
523 418
51 340
296 308
90 426
150 241
677 404
480 996
27 11
239 504
429 86
742 965
6 81
414 276
209 404
418 391
149 12
431 46
30 9
124 569
884 298
133 446
425 210
568 562
975 378
223 495
960 1122
871 278
202 335
313 29
1006 439
267 145
266 598
84 12
365 767
625 464
713 135
634 1078
236 19
252 306
184 269
806 224
347 746
88 259
662 235
329 125
452 652
695 594
954 369
444 50
130 85
980 392
843 257
719 908
89 604
145 241
167 112
167 117
194 439
506 63
239 146
167 164
1120 930
582 101
344 38
173 164
323 697
382 274
757 1020
413 381
5 6
538 451
981 894
725 199
5 74
5 73
957 422
656 578
108 34
838 495
467 769
337 468
786 289
291 205
339 344
988 402
910 313
600 88
783 293
1048 764
87 54
684 126
609 370
153 412
827 241
121 172
804 222
91 614
340 31
335 543
394 135
505 74
829 351
132 259
200 107
470 274
201 291
783 649
410 788
899 900
326 629
453 238
1032 1069
1053 546
72 510
409 337
257 568
444 237
992 407
305 729
192 58
891 896
19 86
39 18
228 81
389 729
33 15
418 242
430 67
404 210
235 257
62 371
204 790
486 922
411 44
733 710
268 663
353 392
1079 610
43 39
199 363
408 904
765 551
375 346
965 367
1078 1032
191 45
129 200
788 886
92 619
538 372
512 889
1063 555
545 300
17 223
94 231
57 487
859 729
344 466
80 161
950 715
541 308
1086 651
43 269
206 222
647 221
397 457
1105 910
566 190
239 591
412 332
238 25
499 1001
747 153
199 127
217 107
833 542
325 201
724 946
1029 464
104 128
436 49
647 783
399 45
1026 487
316 191
896 385
95 7
1114 870
778 671
20 22
185 736
409 411
246 245
79 336
171 584
784 385
355 959
412 590
625 677
1075 748
983 730
203 371
840 700
72 534
18 22
25 62
799 218
38 241
59 64
1106 802
1009 456
1038 481
94 630
885 886
481 487
438 314
114 117
566 567
1105 1004
511 68
282 43
1121 931
199 649
489 344
379 248
1027 460
279 275
412 552
772 188
781 289
892 381
950 952
506 509
774 896
343 208
420 137
370 395
780 599
772 451
228 271
94 631
426 59
244 132
797 213
759 160
267 149
1096 1133
1007 447
308 534
26 18
760 163
1022 460
347 946
869 278
317 780
321 442
384 407
707 458
125 255
888 788
704 661
160 757
150 243
315 611
251 420
492 70
1013 622
708 598
610 967
78 5
186 638
220 176
736 145
881 342
182 166
1069 1070
907 860
362 340
784 380
461 445
532 335
695 206
125 694
305 330
567 87
614 611
405 81
479 57
351 554
188 455
353 501
341 571
892 410
542 886
818 990
400 361
125 692
561 1066
1043 1039
565 136
672 210
411 407
416 145
866 578
140 722
89 183
431 243
155 362
455 654
178 30
340 228
202 214
709 238
220 197
131 297
361 214
43 20
132 61
162 401
397 421
729 726
1027 757
192 775
413 412
119 110
795 1066
783 744
891 357
335 420
227 532
51 447
227 25
643 501
936 341
714 988
254 38
800 219
603 338
802 433
146 229
1112 1098
424 45
264 447
139 12
221 363
353 275
436 401
194 325
193 361
133 117
225 17
313 909
279 417
63 150
726 385
710 721
246 362
661 1084
353 538
123 10
725 291
286 289
239 147
63 71
107 39
347 944
292 182
263 439
976 380
239 230
556 573
900 711
785 199
563 182
337 31
67 4
556 267
71 66
676 305
211 792
449 51
337 503
114 569
51 257
84 150
545 471
159 13
29 314
871 855
12 145
456 761
147 29
333 513
151 12
441 212
117 70
399 270
479 554
293 259
169 70
387 386
570 523
976 728
641 645
432 1004
303 243
1117 890
135 387
363 786
82 275
810 470
536 131
754 753
257 458
946 356
801 212
4 2
677 562
566 882
698 441
477 996
445 586
108 296
277 182
373 57
528 73
285 508
337 383
607 134
891 889
728 731
590 756
431 756
593 745
983 920
585 663
908 833
849 479
643 642
975 691
99 189
282 444
108 182
696 127
227 18
267 503
375 330
297 162
291 322
870 868
723 143
358 425
110 532
1066 1105
935 340
392 300
504 386
117 161
730 386
344 181
335 245
166 168
773 976
953 656
321 916
671 280
238 513
422 447
986 958
346 399
706 1038
710 851
586 81
78 575
241 269
132 547
372 730
243 214
399 202
22 27
419 808
284 729
358 769
592 291
592 555
192 446
369 257
238 67
646 641
662 451
277 82
962 368
765 359
123 24
413 276
291 85
310 29
702 250
477 1020
119 569
510 64
450 731
74 254
636 627
1086 503
525 506
407 775
591 84
124 15
473 212
907 312
336 331
693 495
254 269
264 848
921 1090
885 888
74 550
546 569
438 729
187 766
129 10
22 38
1 31
694 277
809 443
314 228
981 730
973 377
581 543
935 658
683 629
489 163
420 775
425 430
669 119
646 408
623 189
484 447
995 1043
669 114
20 228
602 623
310 902
317 55
648 695
954 353
756 775
914 452
895 592
629 207
729 143
1093 680
647 787
222 594
520 68
192 698
418 605
574 77
24 294
592 650
125 23
1020 475
1036 824
1009 541
387 591
948 350
1045 1026
359 40
821 734
985 612
1010 836
675 1047
893 303
311 314
6 84
27 86
324 227
149 371
5 79
907 1004
812 754
895 784
885 788
101 638
149 505
129 317
887 788
174 121
672 259
220 802
508 755
565 824
656 352
662 156
455 352
894 920
790 698
598 623
417 457
475 133
745 746
1062 598
147 739
239 83
541 344
678 223
892 431
20 244
809 389
180 82
19 229
156 687
978 389
304 897
50 245
291 203
162 197
422 996
702 156
624 93
324 372
383 44
244 61
192 248
50 191
286 199
767 367
297 172
774 766
1049 1001
499 256
141 12
373 62
872 750
596 209
472 219
426 66
936 382
6 86
790 697
669 179
243 373
659 379
435 307
864 275
479 481
373 429
555 221
485 605
363 325
736 371
812 158
379 833
34 55
484 453
499 430
1089 1088
79 576
163 113
731 406
611 91
1003 431
736 505
98 434
849 301
657 752
65 513
1059 549
952 819
475 1007
553 1061
27 230
9 22
217 293
166 361
272 265
687 433
990 665
267 851
66 515
723 141
444 70
533 136
281 339
654 656
349 38
259 472
881 531
690 124
270 829
439 322
1054 561
199 784
150 404
122 689
314 181
788 200
893 730
136 716
31 104
276 756
276 866
365 962
104 327
681 326
698 130
701 499
416 371
306 749
1034 564
503 371
211 680
298 25
67 518
141 84
440 49
957 811
513 483
878 1095
410 227
630 603
327 698
677 638
325 322
595 725
490 67
301 847
85 328
1037 479
696 695
831 532
416 203
854 614
885 887
323 77
633 859
410 937
757 1025
965 600
599 786
1080 1084
904 431
606 872
781 211
918 326
1022 483
83 590
1051 904
603 94
506 285
68 373
855 923
458 275
470 467
234 82
947 45
263 503
362 349
889 357
1038 1035
870 1035
465 545
472 364
1038 870
253 21
605 90
469 21
170 112
375 391
530 70
305 520
297 877
1078 1079
203 263
9 104
1076 593
515 358
662 715
72 53
818 1009
465 602
417 750
996 422
317 599
710 732
412 726
380 387
816 823
404 104
388 859
369 91
666 324
444 443
386 382
114 179
745 412
75 5
337 47
755 706
938 384
775 192
1038 565
777 194
383 357
169 121
477 933
95 632
519 67
133 234
1026 995
548 458
915 446
301 482
351 727
761 935
825 707
718 508
632 95
1065 561
51 366
359 711
836 518
842 256
951 769
581 545
230 809
322 303
594 725
248 245
182 762
245 31
650 439
547 291
942 398
501 104
756 276
250 284
350 366
403 545
859 836
388 833
472 696
697 320
942 941
217 221
77 5
528 523
346 551
888 886
482 82
902 392
414 293
643 129
234 131
250 245
83 6
1075 593
155 586
414 300
61 502
169 33
184 191
331 145
712 509
614 700
508 511
911 907
148 364
896 357
819 953
190 15
530 950
438 501
695 786
531 19
511 71
620 336
579 844
352 188
611 348
436 361
478 483
521 359
982 894
854 869
149 692
240 405
890 978
770 975
741 505
336 908
399 228
529 558
97 1
109 14
190 161
421 609
83 388
181 197
933 339
992 728
584 177
958 1063
474 213
521 529
753 395
602 99
650 335
230 43
664 1091
415 914
44 386
510 430
438 307
192 503
750 358
677 568
806 225
437 251
202 586
323 277
379 809
595 592
47 433
192 288
404 228
44 412
1041 491
90 608
6 87
113 168
570 362
306 249
792 648
668 880
448 445
18 228
957 849
672 113
157 246
1098 709
96 457
491 1041
77 92
197 780
416 851
22 4
258 585
405 43
974 731
156 106
487 238
674 367
577 80
433 252
273 501
804 193
523 349
784 885
784 891
577 79
827 331
645 643
187 589
107 9
172 563
441 363
353 841
313 468
141 719
257 844
310 903
421 872
634 96
687 1067
656 769
580 186
638 586
361 796
390 322
232 27
1018 840
1046 601
652 415
295 875
456 449
192 776
101 637
707 954
350 345
476 63
1001 458
646 407
1129 1053
324 325
696 650
808 228
792 274
428 238
686 581
247 54
490 170
169 119
368 227
613 91
749 157
336 55
168 15
103 614
240 440
282 4
377 262
607 500
71 533
222 803
252 250
322 363
260 718
391 835
399 246
747 143
437 130
159 726
227 518
476 870
928 1062
1112 849
653 853
1010 707
946 940
28 280
256 136
360 472
141 267
611 1001
300 371
505 504
638 244
704 373
157 443
485 60
263 107
297 121
606 417
983 413
263 288
91 444
794 217
239 813
323 640
461 451
235 541
1034 264
1126 1001
478 58
819 772
403 697
370 102
298 883
607 1041
533 484
207 472
741 559
172 168
328 325
240 776
300 688
461 413
184 400
787 786
521 1016
674 255
130 699
337 778
617 284
652 662
416 891
894 784
1037 811
601 88
279 538
298 248
535 705
191 15
699 130
537 562
989 861
22 32
1023 923
166 178
749 414
1051 833
963 932
922 1002
542 788
302 811
488 67
337 387
260 392
601 599
855 621
755 481
689 273
900 311
980 1068
130 672
164 168
283 223
110 569
1008 607
1024 705
360 400
825 657
1030 1031
697 517
439 650
745 783
887 542
490 485
822 528
584 197
444 440
281 15
1070 907
596 390
402 1050
388 978
529 527
1078 1070
936 774
795 509
589 277
178 20
75 860
166 492
1074 650
1115 817
893 983
857 481
589 234
295 879
937 736
680 781
515 455
370 630
358 656
721 557
871 162
1042 309
336 202
539 298
1127 197
968 403
737 723
794 328
166 563
527 29
202 320
1033 773
713 440
286 493
595 600
993 1133
169 178
623 1013
350 900
1111 1037
976 587
863 281
1002 936
727 852
830 703
544 926
1103 602
1014 175
